0
119
48 4
46 48
46 4
37 43
40 39
23 14
10 45
10 8
36 11
13 10
27 12
42 11
29 16
14 22
16 12
33 40
38 33
21 1
2 10
1 42
4 41
29 30
39 45
8 2
42 21
7 35
32 36
7 3
2 24
4 7
44 47
12 26
16 18
40 8
31 4
9 38
49 41
45 22
27 28
17 19
37 0
45 13
2 18
0 15
13 14
12 6
15 9
30 7
0 43
32 0
33 9
28 29
28 16
11 32
34 23
35 31
0 3
26 27
20 46
41 3
3 37
43 32
9 8
19 47
6 16
3 30
17 11
21 44
16 3
8 39
46 31
31 20
7 31
22 34
23 24
3 29
34 14
32 15
9 5
41 37
15 16
32 5
18 6
26 18
50 49
6 26
18 25
15 3
14 45
12 28
25 26
40 9
15 18
9 18
11 1
2 13
1 17
36 42
47 17
17 5
5 11
5 15
4 50
21 19
4 49
7 41
17 38
47 38
38 5
8 18
30 35
2 23
25 2
21 17
24 25
13 23
48 50
44 19
39 10
69
43 32 0 4.12914 0.24013
7 31 4 0.616263 1.20956
30 7 3 1.34124 2.14755
7 35 31 0.380514 1.96915
20 46 31 0.249372 0.521448
33 9 38 9.63576 4.36918
7 41 3 1.59477 1.11749
0 3 37 2.98652 0.685676
30 3 29 1.46717 2.9889
15 3 0 3.87619 1.5174
32 15 0 4.60214 1.07186
41 7 4 0.991891 0.688107
1 42 21 9.17495 0.131792
16 3 15 4.11946 2.67914
7 30 35 0.50262 2.47776
12 28 16 3.35922 5.44605
27 12 26 3.61722 7.13864
12 27 28 2.87978 6.4012
28 29 16 2.45567 4.87445
11 32 36 6.67841 0.102327
6 26 12 4.37147 6.64732
6 16 18 4.96242 5.13829
26 18 25 4.97019 7.53747
18 26 6 4.88072 6.43315
16 15 18 4.95486 4.10432
6 12 16 4.45317 5.35246
29 3 16 2.75977 3.36071
41 37 3 2.19072 0.445546
15 9 18 6.46821 4.57164
14 22 34 9.48371 9.73899
11 1 17 8.38114 0.460117
36 42 11 7.92841 0.102327
19 47 17 9.53777 1.2942
17 5 11 7.81308 0.814131
1 21 17 9.20274 0.35779
15 32 5 5.74656 1.31753
14 45 22 9.74443 9.34284
17 38 5 8.63467 1.54514
8 18 9 7.72496 5.80199
38 9 5 8.65932 3.18832
9 33 40 9.63576 5.61918
19 17 21 9.53777 0.669204
11 5 32 6.5353 0.588134
8 2 18 7.36195 6.8993
25 2 24 6.7294 9.1067
18 2 25 6.20223 7.80724
9 40 8 9.28218 6.01459
23 24 2 7.72125 9.42897
2 13 23 8.35905 9.19801
8 39 10 9.36624 7.14916
10 45 13 9.32756 8.44297
10 13 2 8.60031 8.4928
14 34 23 8.96226 9.69795
10 39 45 9.71982 8.00375
40 39 8 9.64642 6.64541
13 14 23 8.83073 9.32435
8 10 2 8.639 7.61565
4 49 41 1.11909 0.0161596
11 42 1 8.35336 0.234119
9 15 5 7.04898 3.18671
0 37 43 3.29581 0.24013
47 38 17 9.61112 1.68433
19 21 44 9.92665 0.859872
45 14 13 9.35217 8.94873
31 46 4 0.587213 0.537608
19 44 47 9.92665 1.48487
4 46 48 0.858674 0.0161596
4 50 49 1.04097 0.0161596
4 48 50 0.988882 0.0161596
