0
231
71 72
65 71
73 69
70 73
69 70
65 70
70 64
66 65
53 60
59 60
59 65
59 64
58 59
88 75
63 64
64 68
60 65
68 69
39 40
40 48
76 77
24 34
55 54
24 33
75 67
35 27
47 54
14 23
77 78
54 77
46 54
70 72
45 53
39 47
22 14
30 39
67 62
89 87
86 67
56 57
79 37
41 49
87 85
55 56
5 6
32 22
13 22
6 7
39 38
31 39
23 32
42 50
23 22
30 29
21 30
78 46
55 61
29 21
28 19
42 33
53 59
53 44
20 28
22 31
83 80
28 85
19 80
37 85
85 83
14 13
81 0
0 1
38 46
72 73
5 13
82 84
51 52
10 81
1 10
11 10
16 25
84 68
78 79
34 42
38 79
81 19
80 81
34 25
46 47
37 38
40 31
41 48
6 14
1 2
11 20
74 82
30 31
20 29
64 69
75 76
54 78
12 20
10 0
29 38
37 87
47 55
61 75
63 62
64 57
19 20
8 9
4 5
49 50
3 11
29 28
63 68
22 12
10 2
31 21
28 80
13 12
12 21
54 76
38 30
12 3
79 89
4 12
49 56
38 85
15 23
27 26
59 52
44 52
10 19
68 82
25 26
62 75
63 56
73 74
20 10
13 4
57 63
22 21
83 28
66 71
31 32
43 51
36 45
32 40
26 17
40 41
32 41
32 33
33 41
43 42
60 66
49 48
48 55
67 84
54 61
11 12
61 76
56 61
23 24
50 58
47 38
61 62
8 17
55 49
8 16
51 58
15 16
48 47
56 62
86 88
51 42
88 67
41 42
65 64
42 49
37 89
24 32
71 70
7 15
62 84
15 24
46 79
15 6
9 18
16 24
7 16
7 8
25 24
33 34
2 11
26 34
43 34
34 35
3 4
35 43
36 44
69 74
16 17
17 25
9 17
84 63
17 18
29 85
50 56
18 26
84 86
5 14
35 44
44 43
52 53
40 47
21 20
35 36
27 36
45 44
35 26
52 43
50 57
58 57
50 51
2 3
14 15
52 58
58 64
18 27
74 68
142
0 1 10 0.740741 0.37037
10 2 11 1.85185 0.740741
2 10 1 1.48148 0.37037
11 2 3 2.59259 0.37037
10 11 20 1.85185 1.48148
0 10 81 0.411409 0.891819
85 83 28 0.946869 3.77528
80 81 19 0.574554 2.29225
19 20 28 1.48148 2.59259
19 81 10 0.78178 1.63256
28 20 29 1.85185 2.96296
19 28 80 0.903886 2.88191
10 20 19 1.48148 1.85185
28 29 85 1.42438 3.61471
11 12 20 2.59259 1.48148
82 84 68 6.22472 9.05313
21 20 12 2.96296 1.85185
12 3 4 3.7037 0.37037
4 5 13 4.81481 0.37037
13 5 14 5.18519 0.740741
4 13 12 4.07407 0.740741
12 13 22 4.07407 1.48148
30 29 21 2.96296 2.96296
29 20 21 2.59259 2.59259
22 14 23 5.18519 1.85185
22 21 12 3.7037 1.85185
23 14 15 5.92593 1.48148
31 21 22 4.07407 2.59259
13 14 22 4.81481 1.48148
32 22 23 5.18519 2.59259
5 6 14 5.92593 0.37037
12 11 3 2.96296 0.740741
29 38 85 1.79475 3.98508
79 37 38 1.47442 4.47626
83 80 28 0.796744 3.41285
38 30 39 2.96296 4.07407
37 85 38 1.42438 4.35545
39 30 31 3.7037 3.7037
79 38 46 1.84479 4.84663
29 30 38 2.59259 3.7037
47 38 39 2.96296 4.81481
78 46 54 2.48846 6.03336
46 78 79 1.74066 5.32444
78 54 77 2.72403 6.53853
54 46 47 2.96296 5.92593
54 47 55 3.7037 6.2963
77 54 76 3.46147 7.27597
46 38 47 2.59259 5.18519
67 84 86 5.67313 8.97807
39 40 47 3.7037 4.81481
37 87 85 1.02193 4.32687
48 47 40 4.07407 5.18519
40 31 32 4.81481 3.7037
40 41 48 4.81481 4.81481
41 40 32 5.18519 4.07407
41 32 33 5.92593 3.7037
48 41 49 5.18519 5.18519
31 22 32 4.81481 2.96296
55 47 48 4.07407 5.92593
54 61 76 3.96664 7.51154
54 55 61 4.07407 7.03704
61 55 56 4.81481 7.03704
76 61 75 4.67556 8.25934
75 61 62 5.15337 8.15521
56 55 49 5.18519 6.2963
56 49 50 5.92593 5.92593
62 61 56 5.18519 7.40741
55 48 49 4.81481 5.92593
67 86 88 5.58252 8.94054
41 42 49 5.92593 4.81481
40 39 31 4.07407 4.07407
30 21 31 3.7037 2.96296
37 89 87 1.05946 4.41748
23 24 32 5.92593 2.59259
67 62 84 5.64455 8.57562
24 23 15 6.2963 1.85185
15 6 7 7.03704 0.37037
15 16 24 7.03704 1.48148
16 15 7 7.40741 0.740741
16 7 8 8.14815 0.37037
24 16 25 7.40741 1.85185
33 32 24 6.2963 2.96296
50 49 42 6.2963 5.18519
42 33 34 7.03704 3.7037
34 33 24 7.03704 2.96296
34 25 26 8.14815 2.59259
43 34 35 8.14815 3.7037
34 43 42 7.40741 4.07407
24 25 34 7.40741 2.59259
42 43 51 7.40741 4.81481
16 17 25 8.14815 1.48148
42 41 33 6.2963 4.07407
8 17 16 8.51852 0.740741
17 8 9 9.25926 0.37037
17 18 26 9.25926 1.48148
18 17 9 9.62963 0.740741
26 18 27 9.62963 1.85185
17 26 25 8.51852 1.85185
35 44 43 8.51852 4.07407
44 35 36 9.25926 3.7037
27 36 35 9.62963 2.96296
36 45 44 9.62963 4.07407
35 26 27 9.25926 2.59259
44 45 53 9.62963 4.81481
26 35 34 8.51852 2.96296
43 44 52 8.51852 4.81481
57 63 56 6.2963 7.03704
56 50 57 6.2963 6.2963
50 58 57 7.03704 6.2963
58 50 51 7.40741 5.92593
58 51 52 8.14815 5.92593
56 63 62 5.92593 7.40741
50 42 51 7.03704 5.18519
64 57 58 7.40741 7.03704
63 68 84 6.38529 8.57562
84 62 63 6.01492 8.20525
74 68 69 7.11809 9.09611
64 68 63 7.03704 8.14815
69 68 64 7.40741 8.51852
74 82 68 6.58715 9.20326
63 57 64 7.03704 7.40741
67 88 75 5.52212 8.91552
58 59 64 8.14815 7.03704
62 67 75 5.52374 8.52558
65 64 59 8.51852 7.40741
59 52 53 9.25926 5.92593
59 60 65 9.25926 7.03704
60 59 53 9.62963 6.2963
65 60 66 9.62963 7.40741
52 44 53 9.25926 5.18519
70 64 65 8.51852 8.14815
69 70 73 8.36744 9.21822
64 70 69 8.14815 8.51852
73 70 72 9.10818 9.58859
69 73 74 7.70775 9.42545
71 70 65 9.25926 8.51852
71 72 70 9.62963 9.25926
66 71 65 9.62963 8.14815
59 58 52 8.51852 6.2963
51 43 52 8.14815 5.18519
15 14 6 6.2963 0.740741
37 79 89 1.08448 4.47788
