112
3.125 0.271324
3.125 0
4.375 0.466659
4.375 0
6.25 0.298952
6.25 0
6.23175 0.449639
5.69944 1.20594
4.79813 1.26699
2.91184 0.60788
3.95803 1.99196
0.984327 1.05077
0.317134 1.92121
1.35381 1.10737
1.60566 1.17457
2.15296 2.87478
0.83993 2.60258
0.3125 0.762423
0.0615583 0.782172
0.711192 0.890334
0.214696 1.9458
0.123117 1.56434
1.17187 0.219913
1.05469 0.0259791
0.976562 0.0225909
0.78125 0.328872
0.397855 2.70871
2.36825 3.16118
0.789685 3.81504
0.489435 3.09017
2.61882 3.29668
3.56568 2.78674
1.875 0.857773
0.3125 0
0 0
0.78125 0
9.63224 5.625
10 5.625
8.58977 3.75
10 3.75
7.98109 3.53597
7.16746 3.89604
7.11566 3.95826
7.11831 5.99665
9.49083 5.86552
8.48197 2.1875
10 2.1875
8.45484 2.20487
1.17188 0
1.875 0
2.73657 4.45103
1.49988 5.20888
1.08993 4.5399
6.16821 4.00668
9.375 0.159178
8.1633 0.235354
9.45346 0.402288
8.13189 0.675814
8.125 0.083791
8.125 0
9.375 0
9.64943 0.625
10 0.625
9.5758 0.612815
10 0
5.37686 4.54739
4.17978 5.25666
3.07733 4.95178
2.84656 6.10961
4.99942 6.99056
3.85882 7.19039
2.41938 6.47446
1.90983 5.87785
3.52554 7.58062
2.92893 7.07107
5.5543 7.25473
4.79112 8.50012
5.10197 7.03456
4.12215 8.09017
7.99324 1.16095
6.63158 7.21169
6.96534 6.95888
6.63567 8.12222
6.18496 9.21032
5.4601 8.91007
9.63655 9.61812
9.86533 9.375
8.85098 9.59969
8.6738 9.3635
9.4074 8.71071
10 9.375
9.60891 9.96922
10 10
8.82674 9.90766
8.51194 2.15829
9.98865 1.5625
10 1.5625
9.73339 8.125
10 8.125
9.39049 8.4165
9.43015 6.875
9.36198 6.93004
7.51911 7.18768
10 6.875
7.67802 9.67176
8.35227 9.24586
8.25534 8.0552
7.67274 9.69372
6.90983 9.51057
8.43566 9.87688
1.05469 0
0.976563 0
162
48 110
110 23
99 106
109 93
108 107
107 109
106 102
104 105
102 81
44 100
90 98
98 97
61 95
95 94
94 63
79 47
91 93
45 94
93 87
103 100
91 92
101 97
85 91
90 86
89 86
87 88
85 87
98 103
86 85
82 104
84 83
76 84
83 82
65 77
57 79
78 76
75 80
73 78
77 69
75 77
76 75
74 71
37 103
73 74
60 64
32 14
83 108
81 43
0 9
7 41
68 71
62 96
30 31
9 32
36 38
52 51
27 30
96 95
17 33
27 28
46 45
25 19
79 6
69 70
22 23
13 22
2 3
21 18
13 14
15 16
31 10
33 35
29 26
0 2
88 105
23 24
16 12
33 34
53 65
8 2
82 80
17 19
97 99
88 89
35 25
39 37
4 6
1 0
34 18
42 53
99 89
15 27
5 59
5 4
19 11
24 25
68 67
110 111
9 10
100 101
28 29
32 49
20 26
7 8
35 111
101 102
58 55
54 60
63 56
18 17
26 16
80 81
11 13
37 36
111 24
38 40
46 96
4 58
59 58
41 42
42 43
43 44
44 36
92 90
45 47
54 56
48 22
47 40
12 20
3 5
12 11
39 46
107 104
49 48
49 1
50 30
70 73
51 50
53 31
6 7
28 52
20 21
55 54
65 66
56 57
57 55
62 61
64 62
60 59
3 1
40 41
61 63
105 106
38 39
66 67
67 50
66 69
10 8
70 68
71 72
14 15
72 51
51
3 2 0 1 3.80514 0.188804
5 4 6 7 8 2 3 5.28492 0.547388
10 9 0 2 8 3.8831 1.00832
12 11 13 14 15 16 1.24936 1.9826
18 17 19 11 12 20 21 0.422086 1.25303
25 24 23 22 13 11 19 1.01961 0.620955
26 16 15 27 28 29 1.24565 3.12849
32 9 10 31 30 27 15 14 2.73843 1.90613
20 12 16 26 0.479099 2.36965
34 33 17 18 0.170422 0.372308
35 25 19 17 33 0.542676 0.403954
37 36 38 39 9.50457 4.50427
44 43 42 41 40 38 36 8.1586 4.91241
39 38 40 47 45 46 9.10897 2.9909
49 32 14 13 22 48 1.54724 0.513649
1 0 9 32 49 2.43431 0.354657
52 28 27 30 50 51 1.84895 4.12798
31 10 8 7 41 42 53 5.36813 2.63946
55 54 56 57 8.72537 0.378602
60 54 55 58 59 8.71562 0.0995078
62 61 63 56 54 60 64 9.71701 0.291981
30 31 53 65 66 67 50 4.06639 4.04663
68 67 66 69 70 3.83312 6.12062
51 50 67 68 71 72 2.39842 5.42369
71 68 70 73 74 3.14177 6.84375
78 73 70 69 77 75 76 4.57117 7.62462
6 4 58 55 57 79 7.41093 0.5317
59 58 4 5 7.01183 0.105765
77 69 66 65 4.88011 5.65235
42 43 81 80 75 77 65 53 6.18874 5.66991
84 76 75 80 82 83 5.8575 8.13453
86 85 87 88 89 9.29538 9.27442
92 91 85 86 90 9.82991 9.71599
93 87 85 91 9.23935 9.77411
63 94 45 47 79 57 56 8.6917 1.13039
95 94 63 61 9.37316 1.42518
46 45 94 95 96 9.48108 1.97741
40 41 7 6 79 47 7.1584 2.06654
90 86 89 99 97 98 9.75779 8.6805
81 43 44 100 101 102 8.23667 6.50078
103 100 44 36 37 9.73789 6.27785
106 105 104 82 80 81 102 7.49266 8.25918
108 83 82 104 107 6.84348 9.03388
109 107 104 105 88 87 93 8.36799 9.6076
99 89 88 105 106 8.75178 8.69053
98 97 101 100 103 9.75746 7.41431
99 106 102 101 97 8.78661 7.61971
48 22 23 110 1.12869 0.0742191
96 95 61 62 9.88303 0.947301
111 24 25 35 0.850539 0.110108
110 23 24 111 1.01653 0.0121622
