297
9.22853 6.625
9.90754 5.875
8.91967 6.74929
8.59625 5.96486
9.40765 5.1337
10 5.875
10 6.625
9.38317 7.75
10 7.75
8.973 7.54891
8.83854 7.27869
8.81537 7.21675
0.51676 1.13985
0.0923325 1.17326
0.0699808 0.388
0.0307775 0.391085
0.375 0.162753
0.375 0
0 0
0.725293 1.2021
0.777554 1.19081
1.15174 0.895614
1.16005 0.663915
1.125 0.59741
1.156 0.898048
1.36546 1.97768
1.08708 2.01522
1.4206 1.04517
2.51659 1.31963
2.8907 1.21985
2.89528 1.18466
2.83351 0.990335
2.47896 0.57466
2.34375 0.45891
1.875 0.198854
1.51263 1.96231
0.849036 2.44125
0.856063 2.5987
0.929553 2.67937
0.937782 2.68355
1.68093 2.03378
0.44215 1.68947
0.1689 1.75507
0.12311 1.56434
0.465079 1.96484
0.611068 2.21455
1.125 0
1.875 0
0.545524 2.21938
0.294823 2.27957
0.39785 2.70871
0.657003 3.23306
0.564492 3.27138
0.48943 3.09016
0.318292 2.02178
0.332408 2.1949
0.270856 2.15925
0.237585 2.04116
1.76426 3.12666
1.44616 3.64179
0.899158 3.55737
1.9259 3.06645
1.8529 2.09985
2.54762 3.17422
2.68092 4.23709
2.28966 4.6219
1.43204 3.74046
0.714618 3.63381
1.41538 3.76817
0.864742 3.99625
9.41808 9.89398
9.82738 9.69332
8.99186 9.43906
9.52547 9.22446
9.86684 9.625
9.80446 9.98461
9.41337 9.95383
8.86173 9.463
8.82674 9.90766
8.90838 9.44361
2.84471 0.928621
2.8125 0.114613
2.61328 0.00340861
2.58984 0.0265305
2.55469 0.115521
2.48437 0.510729
3.53709 0.649952
3.69861 0.400204
3.5625 0.0716346
3.1875 0.0820589
4.5182 0.835887
4.78051 0.674935
4.125 0.180233
3.22694 1.63906
3.67438 1.7486
3.75975 1.69956
3.5625 0
4.125 0
4.27217 2.54747
5.36371 1.55923
5.42909 1.78174
5.43028 1.83443
4.91272 2.66189
4.87935 2.68494
4.8343 2.70793
2.76599 2.97365
3.92112 2.90974
3.1875 0
2.8125 0
2.66168 3.10901
3.72982 3.68477
3.86979 3.46736
4.75575 3.37328
3.83208 4.11322
4.7692 3.8924
4.83804 3.80007
4.81034 4.44997
5.15657 3.84657
5.61816 4.34827
5.58318 5.04416
5.51189 5.08944
3.75274 4.27905
4.16613 4.58306
4.24482 4.59827
4.64385 4.5501
4.67838 4.54277
3.47772 4.49246
5.63823 3.57541
5.8125 0.0599728
5.4375 0.0784694
5.99184 0.538082
5.36098 1.0037
5.16643 0.827889
5.4375 0
5.8125 0
6.13397 0.499997
6 0
1.08747 4.30207
1.00548 4.33603
1.33892 4.26198
1.34057 4.32993
1.0524 4.44929
1.61624 5.13757
2.0952 5.06189
1.37133 3.96195
1.49988 5.20887
1.08993 4.5399
3.48067 4.64486
2.77435 5.41509
2.7529 5.41967
2.27597 5.24662
0.996441 4.20708
0.958571 4.22277
0.988232 4.27683
1.01181 4.2936
2.20662 6.14027
2.1646 6.17615
1.90983 5.87785
2.89538 6.29239
3.03358 6.44238
3.7147 5.7571
3.71153 5.67218
3.03566 6.464
2.67415 6.77276
3.25959 7.28795
3.22723 7.32583
3.05859 6.4869
2.92893 7.07106
3.74614 6.71517
4.17347 6.5948
4.05908 6.16605
3.8427 5.42855
4.22364 5.31954
4.5299 5.32037
5.08414 5.56321
3.84245 7.81359
4.38415 7.68214
3.68659 7.3287
4.6966 6.99819
4.69765 7.07207
4.5299 8.17557
4.45663 8.29513
3.82384 7.83538
4.12214 8.09016
3.56423 7.25137
5.41948 8.22553
5.45038 8.20646
5.4041 8.00949
5.92853 8.80426
5.82253 9.06019
5.92506 8.35766
5.1256 8.70509
5.46009 8.91006
4.52831 5.16604
4.41732 4.85015
5.19857 5.58246
5.43708 6.44291
4.70312 6.96789
6.03491 6.79112
5.77484 6.56477
5.37983 1.09475
4.875 0.67305
6.303 9.18162
6.48104 9.26435
6.27596 9.04557
6.91742 8.98525
6.91193 8.99294
6.45679 9.3229
6.27557 9.24784
6.07248 2.28624
6.15532 2.39032
6.26131 3.0648
6.14081 3.14165
6.41894 1.91853
6.43286 1.89362
6.29085 1.66373
6.22826 1.64406
6.07046 1.18688
6.30144 1.12499
4.875 0
5.95402 3.51395
6.04147 3.83931
7.20819 4.46958
7.3212 4.23561
7.20741 3.52464
7.02074 3.36647
6.27989 3.0676
6.33975 1.38268
5.87342 4.11998
5.66533 5.04254
6.51326 5.66994
6.52961 4.67134
7.2028 4.50072
6.5024 1.87499
6.6817 2.2202
6.7189 2.183
6.53589 1.99999
6.67074 2.23451
6.43541 1.62499
6.36842 1.37499
6.80444 2.52601
7.06216 2.5718
7.08493 2.54903
7.63397 3.09807
8.11329 4.04129
8.25 3.53109
8 3.4641
8.41327 4.10682
8.77486 4.27991
8.91331 4.39405
8.37998 4.94147
7.21655 4.54184
8.84347 3.81621
8.71841 3.65795
8.63523 3.7184
8.46071 3.99471
9.33412 4.48511
9.5 3.86603
8.875 3.69856
8.5625 3.61482
8.56067 5.94369
9.54758 4.75
8.71875 3.65669
6.99683 5.57744
7.24199 5.03486
10 4.75
10 4
6.87767 7.18392
6.94429 7.13709
7.21245 6.29274
8.55624 5.94286
6.79654 7.99015
7.12422 8.41217
7.27809 8.68186
6.72861 9.4355
7.78717 9.02943
7.81359 9.10704
7.67274 9.69372
6.90983 9.51056
8.67053 8.12297
8.97944 8.80258
9.66392 8.875
9.63648 8.82001
8.43565 9.87688
10 8.875
10 9.625
2.61328 0
10 10
0.982028 4.2794
0.266204 2.16036
2.34375 0
8.65625 3.63994
0.277651 2.20805
2.48438 0
0.99141 4.30205
2.58984 0
2.55469 0
438
296 295
138 294
295 83
294 154
259 291
290 293
289 292
96 107
239 218
219 133
290 33
289 56
152 288
288 153
274 207
287 75
108 286
286 82
69 67
247 248
140 142
228 231
60 51
145 157
137 139
134 136
165 164
261 256
230 263
224 225
132 129
127 117
172 122
126 64
149 150
121 126
293 85
210 237
125 116
203 202
10 272
134 133
121 122
44 45
118 119
128 134
257 256
115 112
171 161
32 33
6 8
110 113
112 104
41 44
143 65
63 109
187 198
106 98
178 179
93 105
102 103
101 102
95 99
124 125
206 203
127 220
97 96
105 106
92 97
3 4
96 88
141 146
136 135
248 249
150 143
146 145
148 149
39 40
94 95
207 203
240 237
111 106
33 34
245 259
119 120
87 88
117 118
209 210
82 83
95 90
81 82
72 73
258 262
52 67
25 26
286 295
274 206
80 81
211 212
31 80
262 291
76 78
30 86
77 79
78 77
284 285
140 141
70 76
68 144
213 214
37 38
282 7
197 169
30 31
177 178
258 257
52 51
24 27
26 20
235 236
265 261
58 59
28 29
68 69
194 123
21 22
217 200
129 128
71 70
109 105
35 27
99 100
151 153
101 209
12 19
153 154
20 21
123 124
29 93
135 130
38 39
4 1
85 32
86 87
23 16
19 41
152 151
100 101
8 7
65 66
116 114
73 74
293 296
27 28
272 271
2 3
250 260
15 18
164 166
28 62
145 142
24 25
142 143
107 89
141 138
54 44
120 116
18 17
122 123
220 221
6 5
210 211
7 9
48 55
58 61
256 249
5 1
193 125
130 131
200 131
66 68
0 2
126 147
25 35
173 193
26 36
110 111
0 6
9 10
296 84
21 24
285 287
276 277
77 276
90 91
50 49
66 59
213 234
12 14
1 0
268 269
195 174
29 30
285 74
147 148
222 223
279 280
212 220
22 23
79 72
273 272
67 60
17 16
48 45
40 35
16 14
23 46
111 112
108 107
42 43
128 130
50 53
11 2
88 89
186 185
46 47
266 265
49 48
39 58
37 50
196 197
51 38
55 56
42 57
41 42
103 127
99 200
113 121
63 64
86 90
46 17
56 54
64 65
138 137
228 221
47 290
103 104
59 60
61 63
168 169
284 8
57 54
233 238
92 87
244 247
70 72
62 40
47 34
176 175
74 71
14 15
216 100
76 75
269 270
151 144
113 114
36 37
233 214
252 253
230 199
69 152
223 224
154 137
156 155
155 150
157 156
179 187
244 223
115 117
93 94
133 129
158 149
104 98
198 267
15 13
158 159
159 160
292 55
282 280
144 139
160 161
161 148
155 158
34 22
162 159
166 162
163 167
167 165
172 173
240 241
169 170
246 245
170 160
147 171
171 172
31 32
174 170
175 177
242 243
181 180
288 294
239 238
180 176
175 182
185 180
264 251
114 115
183 181
164 184
182 165
187 186
189 188
188 190
184 177
277 278
190 186
185 191
168 184
191 192
283 78
192 189
191 181
202 208
120 195
124 194
195 196
178 197
198 199
199 196
132 201
163 162
201 91
84 85
277 283
131 132
202 204
83 84
204 205
208 207
10 11
193 194
205 206
227 239
188 204
208 189
212 102
73 281
209 213
214 215
215 216
57 289
218 217
135 218
156 163
275 276
219 201
139 140
97 219
221 222
118 228
179 176
226 211
225 226
216 227
227 217
119 229
229 230
231 229
49 292
89 80
231 232
232 222
234 235
236 233
237 234
43 13
238 215
259 255
226 240
13 12
241 242
242 235
255 247
243 224
109 110
245 244
243 246
182 183
241 225
249 250
250 251
251 232
270 260
248 252
253 254
98 94
75 71
252 258
260 3
291 254
45 36
4 261
166 168
53 52
262 253
81 108
173 174
263 264
257 266
267 268
269 263
270 264
190 271
271 267
19 20
268 11
205 273
273 275
278 274
61 62
275 279
279 9
280 79
254 255
265 5
91 92
281 282
281 284
142
1 0 2 3 4 9.22957 5.96448
6 0 1 5 9.73954 6.34825
8 7 9 10 11 2 0 6 9.46721 7.17213
15 14 12 13 0.21266 0.879265
17 16 14 15 18 0.16939 0.151674
23 22 21 20 19 12 14 16 0.635946 0.687705
21 24 25 26 20 1.09169 1.48031
22 34 33 32 31 30 29 28 27 24 21 2.01597 0.809011
35 25 24 27 1.35546 1.43064
40 39 38 37 36 26 25 35 1.19277 2.25766
13 12 19 41 42 43 0.357008 1.40404
26 36 45 44 41 19 20 0.752698 1.84107
46 23 16 17 0.821474 0.210752
47 34 22 23 46 1.43253 0.241868
49 48 45 36 37 50 0.565347 2.45762
53 50 37 38 51 52 0.645896 2.88319
54 44 45 48 55 56 0.430397 2.111
42 41 44 54 57 0.326272 1.86095
38 39 58 59 60 51 1.17499 3.20475
62 61 58 39 40 1.55837 2.60519
62 40 35 27 28 1.85492 1.53664
59 58 61 63 64 65 66 2.12714 3.75869
67 60 59 66 68 69 1.04954 3.74263
71 70 72 73 74 9.45093 9.55306
76 70 71 75 9.65979 9.8721
78 77 79 72 70 76 9.06306 9.73998
85 84 83 82 81 80 31 32 2.68317 0.45608
89 88 87 86 30 31 80 3.25719 0.54921
92 91 90 86 87 4.14924 0.545834
95 94 93 29 30 86 90 3.64697 1.16675
97 92 87 88 96 3.83573 0.14896
98 94 95 99 100 101 102 103 104 4.62337 2.0511
106 105 93 94 98 3.49367 2.40612
107 89 80 81 108 2.95627 0.311936
105 109 63 61 62 28 29 93 2.50318 2.21987
111 110 109 105 106 3.41922 3.2107
98 104 112 111 106 4.35518 3.03597
115 114 113 110 111 112 4.27325 3.71861
116 114 115 117 118 119 120 5.2078 4.38515
125 124 123 122 121 113 114 116 4.35476 4.26581
63 109 110 113 121 126 64 3.15092 3.85559
115 112 104 103 127 117 5.09158 3.37348
129 128 130 131 132 5.56891 0.498147
134 128 129 133 5.61665 0.0348165
135 130 128 134 136 5.97466 0.248098
52 51 60 67 0.719677 3.44292
138 137 139 140 141 1.16653 4.3446
144 68 66 65 143 142 140 139 1.75275 4.53594
146 141 140 142 145 1.34876 4.73032
143 65 64 126 147 148 149 150 2.76112 4.81174
69 68 144 151 152 1.13307 3.99424
137 154 153 151 144 139 1.20467 4.17306
157 145 142 143 150 155 156 1.97301 5.50264
158 155 150 149 2.52939 5.80067
161 160 159 158 149 148 3.15803 5.86691
156 155 158 159 162 163 2.63007 6.42057
167 163 162 166 164 165 2.99685 6.87543
160 170 169 168 166 162 159 3.66311 6.31624
161 148 147 171 3.38433 5.24483
160 161 171 172 173 174 170 4.29003 5.66892
121 122 172 171 147 126 3.87702 4.84745
176 175 177 178 179 4.17462 7.42011
183 182 175 176 180 181 4.241 7.95533
165 164 184 177 175 182 3.56935 7.47258
186 185 180 176 179 187 4.85332 7.78847
192 191 185 186 190 188 189 5.59197 8.61996
181 180 185 191 4.96094 8.37336
123 194 193 173 172 122 4.33028 5.01682
174 173 193 125 116 120 195 4.96528 5.06573
193 194 124 125 4.54401 4.83873
123 124 194 4.43533 4.66618
170 174 195 196 197 169 4.78115 6.27783
166 168 184 164 3.39469 6.89036
197 178 177 184 168 169 4.06134 6.95637
196 199 198 187 179 178 197 5.37495 7.11124
201 132 131 200 99 95 90 91 4.72118 1.24705
203 202 204 205 206 6.53482 9.10636
208 202 203 207 6.37726 9.25337
189 188 204 202 208 6.06631 9.03896
102 101 209 210 211 212 5.65073 2.5292
216 215 214 213 209 101 100 5.98628 1.91378
218 217 200 131 130 135 5.89745 0.909095
219 201 91 92 97 4.57368 0.256036
226 225 224 223 222 221 220 212 211 6.66927 3.7225
127 103 102 212 220 5.58223 3.15106
217 227 216 100 99 200 5.78467 1.43553
220 221 228 118 117 127 5.65266 3.89295
195 120 119 229 230 199 196 5.76647 5.784
118 228 231 229 119 5.93991 4.60217
222 232 231 228 221 6.47287 4.29774
236 235 234 213 214 233 6.55805 2.03671
237 210 209 213 234 6.37138 2.18383
238 215 216 227 239 6.33868 1.54757
240 226 211 210 237 6.44634 2.58655
240 241 225 226 6.77217 2.94202
242 241 240 237 234 235 6.85207 2.40851
243 224 225 241 242 7.25077 3.07367
245 244 223 224 243 246 7.68361 3.7118
233 214 215 238 6.40928 1.75032
232 222 223 244 247 248 249 250 251 8.07071 4.45161
255 254 253 252 248 247 8.66183 3.98033
257 256 249 248 252 258 9.11882 4.09164
259 255 247 244 245 8.33753 3.82274
261 4 3 260 250 249 256 8.91396 5.06668
258 252 253 262 8.81185 3.72368
251 264 263 230 229 231 232 6.61237 5.09307
265 261 256 257 266 9.70089 4.34041
263 269 268 267 198 199 230 6.60542 6.38132
270 269 263 264 7.59318 5.73876
250 260 270 264 251 7.91453 5.1545
271 190 186 187 198 267 6.17569 7.63524
271 267 268 11 10 272 7.56437 7.61865
272 273 205 204 188 190 271 6.56313 8.57194
274 206 205 273 275 276 277 278 7.31121 9.22043
10 9 279 275 273 272 8.07049 8.19785
260 3 2 11 268 269 270 8.00356 6.66597
276 275 279 280 79 77 8.50063 8.87899
5 1 4 261 265 9.77141 5.20954
282 281 73 72 79 280 9.24525 9.07529
283 277 276 77 78 8.26616 9.54966
9 7 282 280 279 9.15173 8.24934
284 281 282 7 8 9.75213 8.26044
285 74 73 281 284 9.81235 9.21106
108 81 82 286 2.74418 0.0382371
75 71 74 285 287 9.9109 9.81649
207 203 206 274 6.68947 9.24378
152 151 153 288 0.980405 4.23895
57 54 56 289 0.274631 2.07658
290 33 34 47 2.14026 0.173009
133 129 132 201 219 5.11164 0.341197
239 227 217 218 6.24819 1.23844
262 253 254 291 8.6704 3.67177
96 88 89 107 3.37076 0.0384823
289 56 55 292 0.29191 2.1865
293 85 32 33 290 2.41661 0.259965
291 254 255 259 8.56397 3.75573
288 153 154 294 0.994836 4.28972
292 55 48 49 0.374912 2.23061
286 82 83 295 2.59855 0.00897287
294 154 137 138 1.02854 4.31057
296 84 85 293 2.51214 0.177346
295 83 84 296 2.56859 0.0401586
