0
357
139 37
137 37
122 135
131 48
7 138
106 128
115 127
126 6
122 7
109 121
134 118
105 117
116 115
114 126
125 67
7 130
109 33
93 107
105 10
128 32
103 0
79 42
119 79
132 102
94 80
55 54
119 24
24 42
21 55
80 81
21 24
93 54
2 70
78 105
54 21
140 37
21 81
2 10
27 2
66 129
9 2
100 48
15 54
15 95
95 82
99 111
27 15
15 81
15 82
11 82
47 11
27 11
21 80
53 11
71 70
71 9
23 47
53 23
53 71
35 53
23 35
42 119
40 71
32 134
78 56
136 124
118 92
56 40
135 7
92 56
3 104
77 40
22 40
41 22
127 76
59 127
2 53
104 43
40 32
22 3
113 125
48 124
22 91
107 119
77 22
91 77
91 25
63 43
102 129
3 63
43 3
0 116
52 1
30 52
110 46
40 70
95 33
37 132
46 1
17 68
75 46
92 78
86 122
16 111
7 110
36 52
90 6
1 75
93 55
133 90
45 36
36 31
12 123
104 91
17 36
30 18
18 1
5 64
49 30
54 27
49 18
46 7
57 64
3 25
18 62
137 67
115 59
18 67
141 132
34 26
0 115
98 60
37 102
77 106
36 30
55 24
8 29
35 19
135 138
70 9
64 58
25 104
66 120
120 57
2 93
113 67
29 87
126 5
49 50
64 67
100 29
53 27
113 12
94 21
30 50
14 17
1 99
126 133
70 56
29 28
8 88
12 101
6 103
31 17
39 13
98 65
66 67
66 57
97 44
117 93
28 1
64 66
37 141
39 29
125 137
24 107
67 37
88 101
75 38
13 67
124 112
13 12
12 67
68 19
101 89
58 49
39 62
52 17
29 13
106 40
123 113
89 12
52 18
100 8
49 64
67 39
121 95
98 85
87 100
35 71
112 8
18 28
8 48
11 23
16 29
46 85
13 8
32 118
22 69
37 66
79 108
68 26
6 133
103 116
61 17
28 16
40 41
29 62
20 69
42 108
47 83
59 0
62 67
81 109
56 10
48 112
72 58
26 65
1 16
99 16
62 28
85 86
46 99
48 136
45 72
52 75
85 75
58 59
22 72
38 85
75 60
60 38
38 98
74 83
138 130
46 86
94 42
65 84
60 65
26 60
106 32
81 33
76 104
4 26
14 34
2 56
34 60
75 34
75 14
139 140
83 97
19 23
131 136
23 74
5 0
45 31
97 74
64 18
122 46
84 98
52 14
47 82
96 47
32 92
14 4
12 8
26 14
24 94
25 22
17 4
50 36
4 68
17 51
35 68
96 83
51 61
9 53
73 84
68 51
102 66
51 4
93 27
4 61
55 107
19 26
129 120
65 19
59 76
10 117
73 65
108 94
63 22
65 44
137 139
72 63
44 73
44 74
11 15
74 47
44 23
105 56
73 97
82 96
97 84
57 5
100 131
33 121
110 99
88 12
58 45
50 45
93 10
59 63
63 58
5 6
140 141
103 5
33 15
120 114
111 87
90 103
114 57
112 88
58 5
58 50
0 58
114 5
41 71
31 68
54 81
92 40
45 69
69 31
31 35
89 123
69 72
130 110
19 44
16 87
41 20
128 134
20 31
71 20
69 41
20 35
76 43
43 59
216
10 117 93 9.84174 6.35672
101 89 12 0.160591 0.450403
13 67 39 1.5069 1.32831
12 67 13 1.20802 0.958123
13 39 29 1.33181 1.88067
88 12 8 0.417399 1.34601
123 113 12 0.890072 0.18968
8 12 13 0.809384 1.38558
100 29 87 0.725063 2.56559
48 112 8 0.405533 1.9994
100 8 29 0.79821 2.17042
112 88 8 0.34889 1.80493
16 29 28 1.21642 2.61927
29 16 87 0.91379 2.88274
62 28 29 1.47504 2.07515
1 16 28 1.4325 3.19019
8 13 29 1.12914 1.95569
99 16 1 1.22996 3.69528
29 39 62 1.44823 1.86844
42 108 94 9.43407 9.86824
67 37 66 2.63352 0.263673
12 113 67 1.275 0.397103
66 57 64 3.8102 0.546221
120 57 66 3.72793 0.247953
58 49 64 4.0457 1.8166
66 64 67 3.09362 0.556884
102 66 37 2.9986 0.0562491
67 64 18 2.74497 1.24871
67 18 62 1.96215 1.49922
18 64 49 3.2987 1.92621
18 49 30 3.16518 2.69539
62 18 28 1.79299 2.05838
30 50 36 4.00255 3.35524
50 30 49 3.7831 3.03794
31 17 36 4.61067 4.11038
52 18 30 3.06099 3.08993
50 49 58 4.10914 2.6039
1 28 18 1.91947 2.84031
45 36 50 4.58243 3.41857
67 62 39 1.62332 1.31607
6 133 90 5.75227 0.0460354
52 30 36 3.6913 3.54913
111 87 16 0.667145 3.27382
122 46 86 1.25736 4.4138
75 46 1 2.20334 4.40974
110 46 7 1.20265 4.26371
52 1 18 2.53815 3.35319
86 46 85 1.55568 4.92019
1 46 99 1.4949 4.04999
52 75 1 2.73204 4.24159
85 75 38 2.45506 5.5663
75 85 46 2.16404 5.03831
38 75 60 2.85701 5.55129
85 38 98 2.28985 6.09303
84 98 65 2.99697 6.63402
98 60 65 3.05923 6.22128
34 60 75 3.10392 5.31903
26 60 34 3.57148 5.61696
34 75 14 3.41722 4.99881
74 83 97 3.87065 7.70345
75 52 14 3.40798 4.53495
47 82 96 5.02567 8.43083
14 4 26 4.23116 5.1706
4 14 17 4.26166 4.70503
68 26 4 4.45592 5.1623
26 65 60 3.69199 5.99248
17 51 61 4.45227 4.64733
68 51 17 4.54432 4.67639
61 51 4 4.42262 4.80072
17 61 4 4.39437 4.66767
14 52 17 3.90605 4.36732
19 26 68 4.52088 5.58638
73 65 44 3.64542 6.79077
73 84 65 3.34007 6.78942
44 65 19 4.0009 6.51848
44 74 97 3.77827 7.3651
83 74 47 4.30407 7.80402
44 23 74 4.41682 7.31108
19 23 44 4.60044 6.87248
84 73 97 3.30105 7.19744
65 26 19 4.15846 6.08946
73 44 97 3.6064 7.19879
68 4 51 4.51467 4.82978
34 14 26 3.88478 5.29674
52 36 17 3.96228 3.94548
60 98 38 2.69181 6.07803
57 5 64 4.19282 0.948535
33 121 95 6.32472 9.21956
45 50 58 4.69912 2.84975
63 58 59 5.53611 2.13153
5 6 103 5.47563 0.832873
120 114 57 4.10151 0.196761
63 22 72 5.89553 3.1984
58 5 0 5.10451 1.55991
57 114 5 4.36055 0.650267
58 63 72 5.27515 2.59364
17 31 68 4.77919 4.52393
36 45 31 4.91957 3.77737
31 45 69 5.39079 3.88477
35 68 31 5.33053 4.95836
72 22 69 5.85962 3.63041
20 69 41 5.94274 4.18047
69 20 31 5.62455 4.21241
72 69 45 5.49308 3.52302
45 58 72 5.13855 2.8468
20 35 31 5.7663 4.80101
6 90 103 5.96659 0.379367
19 68 35 5.10271 5.55525
59 76 43 6.43592 1.96903
59 0 115 6.30075 1.59352
43 3 63 6.28295 2.3913
59 43 63 6.17252 2.17998
25 104 91 7.00356 2.60261
91 77 22 7.23449 3.30355
3 25 22 6.63198 2.97326
104 43 76 6.64046 2.13719
76 59 127 6.43103 1.87051
3 22 63 6.26693 2.94762
40 41 22 6.9562 4.18573
41 69 22 6.07552 3.96021
22 25 91 6.8481 3.05211
40 22 77 7.57183 3.928
40 32 92 8.666 4.00925
40 77 106 8.25999 3.88919
104 25 3 6.78745 2.52377
92 56 40 8.66618 4.4567
32 118 92 8.82268 3.69581
20 41 71 6.19852 4.61496
56 92 78 9.23952 4.25491
59 58 0 5.69156 1.72692
43 104 3 6.66837 2.30236
40 71 41 6.94612 4.69166
23 35 53 6.02627 6.40991
47 74 23 4.74376 7.58015
71 9 53 6.8755 5.71404
9 71 70 7.38222 5.39025
23 53 11 5.96029 7.05772
71 53 35 6.34762 5.68117
35 20 71 6.16854 5.10074
27 11 53 6.73966 7.19511
47 11 82 5.38372 8.14349
11 47 23 5.37742 7.64632
82 11 15 5.90797 8.48364
47 96 83 4.57969 8.15753
15 81 33 6.57714 9.19211
27 15 11 6.68104 8.12385
95 82 15 6.01454 9.00771
33 95 15 6.33552 9.09203
15 54 81 7.07473 8.81682
100 48 8 0.43606 2.12655
9 2 53 7.35216 6.14226
19 35 23 5.33983 6.41233
2 93 27 8.53818 7.11589
2 27 53 7.39632 6.8214
2 10 93 9.12016 6.44571
21 81 54 7.86715 8.80764
56 10 2 8.69301 5.78993
70 71 40 7.59328 4.99429
56 78 105 9.57285 4.84422
56 2 70 8.21612 5.56493
2 9 70 7.85887 5.81847
54 27 93 8.56504 7.62261
21 24 94 9.05195 9.24392
80 81 21 8.04043 9.42089
24 21 55 9.03537 8.83008
94 24 42 9.28517 9.51785
24 107 119 9.72074 8.88936
54 93 55 9.02796 7.91136
94 80 21 8.80977 9.56352
24 55 107 9.44343 8.70501
21 54 55 8.6199 8.53644
37 132 102 2.74718 0.00505749
42 119 79 9.82516 9.64902
54 15 27 7.36456 8.25686
40 56 70 8.36437 4.92774
12 88 101 0.201627 0.97185
103 0 5 5.66904 1.25984
64 5 58 4.3661 1.38517
56 105 10 9.41459 5.45094
110 99 46 1.13226 4.11178
40 106 32 8.49934 3.9646
55 93 107 9.72269 8.06565
42 79 108 9.6948 9.88876
33 81 109 6.62675 9.34467
7 130 110 0.972668 4.23879
16 99 111 0.767229 3.51544
48 124 112 0.25607 2.07669
113 125 67 1.88492 0.207423
5 114 126 4.75904 0.453506
0 116 115 6.3163 1.38966
0 103 116 6.27164 1.223
10 105 117 9.84174 5.85672
32 134 118 8.71851 3.6679
24 119 42 9.54589 9.28837
66 129 120 3.50142 0.0511916
33 109 121 6.44554 9.2696
46 122 7 1.22767 4.32412
12 89 123 0.390072 0.18968
48 136 124 0.275149 2.15616
125 137 67 2.19742 0.207423
5 126 6 5.13632 0.499541
59 115 127 6.38637 1.70385
32 106 128 8.61434 3.63999
66 102 129 3.25142 0.0511916
7 138 130 0.988306 4.27655
48 100 131 0.294228 2.23563
37 141 132 2.61436 0.00505749
6 126 133 5.50227 0.0460354
32 128 134 8.67684 3.65674
7 122 135 1.00394 4.3143
48 131 136 0.28278 2.18795
67 137 37 2.3196 0.212481
7 135 138 0.994562 4.29165
37 137 139 2.52843 0.00505749
37 139 140 2.5753 0.00505749
37 140 141 2.59874 0.00505749
