138
0.35178 0.759331
0.0615583 0.782172
0.555556 0.555556
0.555556 0
0 0
1.66667 0.555556
1.66667 0
0.768012 1.66667
1.66667 1.66667
2.77778 0.555556
2.77778 0
2.77778 1.66667
3.88889 0.555556
3.88889 0
1.66667 2.77778
2.77778 2.77778
0.332304 2.32101
0.306276 2.32726
0.123117 1.56434
1.30163 4.13375
0.977341 4.26808
1.66667 3.89953
1.66888 3.88889
1.66667 3.88552
1.30786 3.81271
0.864747 3.99625
0.718924 3.41973
0.63956 3.4526
0.970018 2.77778
0.489435 3.09017
2.77778 3.88889
3.88889 1.66667
6.58027 9.28108
6.5474 9.36044
6.18729 8.69214
6.00375 9.13525
5.86625 8.69837
5.73192 9.02266
6.10047 8.33333
6.11111 8.33112
6.11448 8.33333
7.22222 9.02998
7.22222 8.33333
3.88889 2.77778
5 0.555556
5 0
6.11111 0.555556
6.11111 0
5 1.66667
6.11111 1.66667
5 2.77778
3.88889 3.88889
6.11111 2.77778
7.22222 1.66667
7.22222 0.555556
5 3.88889
6.11111 3.88889
7.22222 0
1.66667 4.61776
1.69889 5
2.77778 5
1.08522 4.48878
1.07117 4.4946
1.52575 5.19303
1.49988 5.20888
1.08993 4.5399
1.07674 4.38614
3.88889 5
2.62774 6.26115
2.77778 6.11111
3.88889 6.11111
2.59054 6.32828
2.41938 6.47446
1.90983 5.87785
3.67172 7.40946
3.73885 7.37226
3.88889 7.22222
3.52554 7.58062
2.92893 7.07107
5 7.22222
5 6.11111
4.80697 8.47425
4.79112 8.50012
4.12215 8.09017
5.61386 8.92326
5.51122 8.91478
5.38224 8.33333
5.59601 8.96636
5 5
1.03364 4.40399
6.11111 5
7.22222 3.88889
7.22222 2.77778
6.11111 6.11111
5 8.30111
6.11111 7.22222
5.5054 8.92883
5.4601 8.91007
7.22222 6.11111
7.22222 5
8.33333 0.555556
8.33333 0
8.33333 1.66667
9.44444 0.555556
9.44444 0
8.33333 2.77778
8.33333 3.88889
9.44444 2.77778
9.44444 1.66667
8.33333 5
9.44444 3.88889
8.33333 6.11111
10 0.555556
10 0
10 1.66667
10 2.77778
9.44444 5
10 3.88889
10 5
9.44444 6.11111
10 6.11111
7.22222 7.22222
8.33333 7.22222
8.33333 8.33333
7.67899 9.6677
7.67274 9.69372
6.90983 9.51057
8.33333 9.23199
9.44444 7.22222
9.44444 8.33333
10 7.22222
10 8.33333
9.44444 9.44444
9.24067 9.64822
9.21783 9.93844
8.43566 9.87688
10 9.44444
10 10
227
136 131
137 136
135 125
134 135
133 134
132 133
130 131
131 129
129 123
128 129
122 128
126 125
33 126
124 41
125 124
122 123
122 111
42 121
65 62
64 65
63 64
41 42
21 58
56 55
76 79
84 85
117 118
72 78
80 70
52 49
70 69
49 53
43 51
60 67
63 68
49 46
46 44
51 30
47 46
13 45
43 15
31 43
54 46
42 40
29 27
129 132
100 54
32 41
35 37
133 127
130 128
108 103
69 60
67 70
36 38
121 122
45 44
14 28
99 90
37 36
123 42
48 49
43 50
93 98
124 127
64 73
32 34
10 13
82 97
3 4
17 29
8 11
50 48
5 2
8 5
118 120
31 12
31 48
33 32
9 5
19 21
28 16
16 7
53 54
79 95
105 107
107 108
10 9
99 91
57 101
1 0
40 34
12 9
1 18
25 27
47 57
94 79
50 52
6 10
23 24
0 2
114 115
52 56
88 80
111 109
7 8
53 102
101 104
6 5
35 33
71 68
0 7
111 119
3 6
30 15
134 137
11 9
80 93
20 19
109 99
27 26
77 83
18 17
24 25
21 22
62 61
98 111
109 116
8 14
11 31
92 105
26 24
45 47
34 35
13 12
93 90
120 130
17 16
28 26
104 113
117 110
22 30
37 87
39 95
59 63
59 60
68 69
4 1
38 39
22 23
23 14
88 55
60 30
19 66
44 12
67 51
25 20
72 71
55 51
82 81
73 72
71 74
75 76
76 70
77 74
78 77
81 75
36 84
106 110
83 82
85 86
96 85
57 54
86 38
87 84
67 88
79 80
39 40
89 66
20 89
89 62
88 90
90 56
56 91
91 92
127 123
74 75
103 100
136 132
92 52
15 11
95 93
86 94
106 105
97 96
2 3
14 15
106 109
98 99
87 96
128 119
92 53
58 59
101 100
105 102
48 44
104 103
108 102
112 103
50 55
81 94
91 106
119 116
61 58
110 107
113 112
112 114
114 108
115 107
102 100
116 110
115 117
66 61
118 116
120 119
121 95
98 121
90
4 3 2 0 1 0.280641 0.358572
6 5 2 3 1.11111 0.277778
8 7 0 2 5 1.09727 1.08101
10 9 5 6 2.22222 0.277778
11 8 5 9 2.22222 1.11111
13 12 9 10 3.33333 0.277778
15 14 8 11 2.22222 2.22222
18 1 0 7 16 17 0.366481 1.48195
25 24 23 22 21 19 20 1.21704 4.01202
27 26 24 25 0.930006 3.72466
28 14 23 24 26 1.27829 3.27871
29 17 16 28 26 27 0.63369 2.87326
8 14 28 16 7 1.11721 2.21332
30 22 23 14 15 2.22222 3.33333
12 31 11 9 3.33333 1.11111
35 34 32 33 6.27534 9.06999
37 36 38 39 40 34 35 5.98798 8.78296
42 41 32 34 40 6.72129 8.72171
15 11 31 43 3.33333 2.22222
45 44 12 13 4.44444 0.277778
47 46 44 45 5.55556 0.277778
48 31 12 44 4.44444 1.11111
49 48 44 46 5.55556 1.11111
50 43 31 48 4.44444 2.22222
30 15 43 51 3.33333 3.33333
52 50 48 49 5.55556 2.22222
54 53 49 46 6.66667 1.11111
43 50 55 51 4.44444 3.33333
50 52 56 55 5.55556 3.33333
57 54 46 47 6.66667 0.277778
60 59 58 21 22 30 2.22496 4.4423
62 61 58 59 63 64 65 1.44631 4.80224
66 19 21 58 61 1.43906 4.311
67 60 30 51 3.33333 4.44444
69 68 63 59 60 2.31307 5.46575
60 67 70 69 3.33333 5.55556
73 64 63 68 71 72 2.12589 5.93324
70 76 75 74 71 68 69 3.39828 6.60172
78 72 71 74 77 3.0401 6.9599
80 79 76 70 4.44444 6.66667
83 77 74 75 81 82 4.06676 7.87411
38 36 84 85 86 5.689 8.56094
87 84 36 37 5.72677 8.89191
55 88 67 51 4.44444 4.44444
20 19 66 89 1.10809 4.27323
70 67 88 80 4.44444 5.55556
56 90 88 55 5.55556 4.44444
92 91 56 52 6.66667 3.33333
93 80 88 90 5.55556 5.55556
79 94 81 75 76 4.53425 7.68693
93 95 79 80 5.55556 6.66667
97 82 81 94 86 85 96 5.19776 8.55369
95 39 38 86 94 79 5.5577 7.77504
99 98 93 90 6.66667 5.55556
96 85 84 87 5.56481 8.93526
91 99 90 56 6.66667 4.44444
89 66 61 62 1.06474 4.43519
53 92 52 49 6.66667 2.22222
101 100 54 57 7.77778 0.277778
100 102 53 54 7.77778 1.11111
104 103 100 101 8.88889 0.277778
105 92 53 102 7.77778 2.22222
105 106 91 92 7.77778 3.33333
108 107 105 102 8.88889 2.22222
91 106 109 99 7.77778 4.44444
107 110 106 105 8.88889 3.33333
111 98 99 109 7.77778 5.55556
103 108 102 100 8.88889 1.11111
112 103 104 113 9.72222 0.277778
114 108 103 112 9.72222 1.11111
115 107 108 114 9.72222 2.22222
116 109 106 110 8.88889 4.44444
117 110 107 115 9.72222 3.33333
118 116 110 117 9.72222 4.44444
120 119 116 118 9.72222 5.55556
119 111 109 116 8.88889 5.55556
121 95 93 98 6.66667 6.66667
42 40 39 95 121 6.66667 7.77778
111 122 121 98 7.77778 6.66667
121 122 123 42 7.77778 7.77778
126 33 32 41 124 125 7.12674 9.36631
123 127 124 41 42 7.78668 8.88279
119 128 122 111 8.88889 6.66667
123 122 128 129 8.88889 7.77778
130 128 119 120 9.72222 6.66667
131 129 128 130 9.72222 7.77778
123 129 132 133 127 8.91899 8.90273
125 124 127 133 134 135 8.51805 9.63352
137 134 133 132 136 9.64143 9.71936
136 132 129 131 9.72222 8.88889
