0
87
36 35
6 36
28 34
31 6
24 30
23 29
28 0
19 26
27 21
23 14
32 19
19 3
21 13
13 8
8 21
13 4
13 1
9 13
17 27
20 24
8 5
11 8
33 36
2 24
15 10
17 11
26 12
15 12
9 8
10 30
31 2
12 1
15 7
11 10
7 12
1 26
30 17
12 14
14 29
5 15
16 25
34 32
35 20
18 22
29 16
14 31
24 15
25 29
25 31
4 22
3 0
22 28
8 27
6 35
14 2
0 32
2 15
6 20
2 12
11 5
0 1
9 1
17 10
1 4
33 6
27 11
32 3
4 0
1 7
24 10
1 3
0 34
3 26
23 12
7 9
31 33
20 2
22 13
22 21
21 18
2 6
5 9
28 4
7 5
25 14
26 23
15 11
51
25 29 16 1.25 0.833333
25 14 29 2.58646 1.77899
2 12 14 4.83281 2.40289
15 12 2 5.90323 2.08278
7 12 15 6.48283 3.05076
14 31 2 4.31087 1.35339
17 10 30 9.16801 0.149464
26 12 1 5.24683 5.84575
3 0 32 6.34085 9.18009
26 23 12 3.85528 5.21617
0 1 4 7.07376 8.68593
26 1 3 5.38599 7.44087
9 1 7 7.01846 5.18829
1 0 3 6.4824 8.14301
7 1 12 6.30083 4.72146
4 22 28 8.3358 9.85422
6 20 2 4.91645 0.436972
6 35 20 4.75454 0.0292438
5 9 7 7.60554 3.86451
5 15 11 8.05835 2.39502
11 10 17 9.09085 0.946464
10 11 15 8.1644 1.57201
15 2 24 6.63129 1.03328
5 11 8 8.83544 3.00057
20 24 2 5.89107 0.407728
11 17 27 9.92283 1.63033
1 9 13 7.74952 6.19296
1 13 4 7.76241 7.86419
8 21 13 10.3857 5.27815
8 13 9 8.7086 5.12781
21 18 22 12.5 8.33333
22 13 21 10.5351 7.38039
9 5 8 8.48551 3.7199
19 3 32 5.6611 9.31129
13 22 4 8.87086 8.90127
7 15 5 7.52285 2.97374
23 14 12 3.94174 3.66182
8 27 21 11.1006 3.7311
15 24 10 7.8249 0.775013
25 31 14 3.4198 0.945658
3 19 26 4.82777 8.47796
11 27 8 9.77347 2.86143
4 28 0 7.34888 9.72302
14 23 29 2.58646 3.44566
10 24 30 8.33468 0.149464
31 6 2 4.49978 0.436972
0 34 32 6.72141 9.8688
6 31 33 4.23371 0.0292438
0 28 34 7.13808 9.8688
6 36 35 4.59829 0.0292438
6 33 36 4.49412 0.0292438
