0
195
57 71
19 73
61 60
74 50
68 74
56 74
62 61
56 62
37 64
43 64
53 47
53 54
42 43
49 54
54 47
42 48
47 42
37 43
31 75
75 24
69 75
30 24
62 74
63 62
37 36
31 37
61 56
38 72
31 36
30 36
69 24
48 49
77 64
31 77
12 18
36 35
29 36
35 29
59 58
42 41
35 42
23 29
53 59
18 17
24 31
11 18
24 23
75 77
23 17
54 48
5 12
64 68
12 11
71 65
53 60
5 11
30 31
24 18
50 43
68 50
17 22
16 17
18 70
48 47
69 18
70 69
60 59
17 11
43 68
40 41
70 12
23 30
11 16
51 52
43 49
72 66
46 52
27 20
22 21
50 56
15 16
6 12
14 13
47 41
15 21
39 40
10 16
5 10
3 4
20 15
52 53
43 36
9 3
74 63
4 10
36 42
9 14
61 55
15 14
73 67
8 7
41 46
27 32
56 55
27 33
19 13
3 8
1 2
46 47
14 20
10 11
13 67
40 34
8 1
54 55
21 20
13 20
29 34
7 14
76 70
32 72
1 7
10 9
51 71
21 27
67 7
49 55
21 28
58 51
50 49
4 5
17 24
20 19
8 9
20 26
2 3
26 19
45 38
12 76
34 35
67 0
14 8
32 66
66 26
49 56
26 27
6 76
33 32
26 32
40 46
7 0
58 57
38 32
53 58
27 28
45 51
45 46
16 22
28 33
33 39
39 32
16 9
38 39
55 60
30 29
22 23
64 31
51 65
65 45
43 48
46 51
40 45
65 38
2 8
39 45
33 34
7 13
34 39
66 19
5 6
21 16
47 52
28 34
54 60
28 22
13 73
23 28
0 1
35 40
28 29
35 41
9 15
52 58
4 9
57 51
120
0 1 7 1.11111 0.37037
8 1 2 2.77778 0.37037
1 8 7 2.22222 0.740741
7 13 67 1.38889 1.66667
67 0 7 0.833333 0.925926
20 19 13 2.22222 2.96296
14 13 7 2.22222 1.85185
14 8 9 3.88889 1.48148
7 8 14 2.77778 1.48148
20 13 14 2.77778 2.59259
2 3 8 3.88889 0.37037
13 73 67 1.25 2.12963
15 14 9 4.44444 1.85185
9 3 4 5.55556 0.37037
4 10 9 6.11111 0.740741
10 4 5 7.22222 0.37037
9 10 16 6.11111 1.48148
20 15 21 4.44444 2.96296
20 14 15 3.88889 2.59259
21 16 22 6.11111 2.96296
16 21 15 5.55556 2.59259
15 9 16 5.55556 1.85185
20 21 27 4.44444 3.7037
10 11 16 7.22222 1.48148
9 8 3 4.44444 0.740741
19 20 26 2.77778 3.7037
32 66 26 3.05556 5
32 26 27 3.88889 4.81481
27 33 32 4.44444 5.18519
33 27 28 5.55556 4.81481
20 27 26 3.88889 4.07407
32 33 39 4.44444 5.92593
38 39 45 4.44444 7.03704
39 38 32 3.88889 6.2963
51 65 45 4.72222 8.33333
51 45 46 5.55556 8.14815
39 40 45 5.55556 7.03704
45 65 38 4.16667 7.59259
33 34 39 5.55556 5.92593
66 19 26 2.5 4.25926
34 33 28 6.11111 5.18519
28 22 23 7.22222 3.7037
46 45 40 6.11111 7.40741
40 34 35 7.22222 5.92593
28 29 34 7.22222 4.81481
40 39 34 6.11111 6.2963
52 58 51 6.11111 9.25926
51 46 52 6.11111 8.51852
58 57 51 5.55556 9.62963
58 52 53 7.22222 9.25926
46 47 52 7.22222 8.14815
12 76 70 10.3125 0.99537
40 41 46 7.22222 7.03704
27 21 28 5.55556 4.07407
22 28 21 6.11111 3.7037
70 69 18 10.625 1.99074
16 17 22 7.22222 2.59259
43 68 50 12.9167 7.31481
5 11 10 7.77778 0.740741
12 11 5 8.88889 0.740741
23 17 24 8.88889 2.96296
11 18 17 8.88889 1.85185
11 17 16 7.77778 1.85185
23 29 28 7.77778 4.07407
30 29 23 8.88889 4.07407
35 41 40 7.77778 6.2963
35 42 41 8.88889 6.2963
35 29 36 8.88889 5.18519
29 35 34 7.77778 5.18519
6 12 5 9.44444 0.37037
17 23 22 7.77778 2.96296
12 18 11 9.44444 1.48148
31 77 64 12.1181 4.60648
18 69 24 10.4167 2.68519
18 12 70 10.2083 1.52778
32 72 66 2.91667 5.46296
18 24 17 9.44444 2.59259
30 36 29 9.44444 4.81481
36 30 31 10.5556 4.81481
31 37 36 11.1111 5.18519
63 62 74 14.2361 9.58333
31 30 24 10.5556 4.07407
42 35 36 9.44444 5.92593
69 75 24 11.0417 3.19444
24 30 23 9.44444 3.7037
31 75 77 11.9097 4.18981
43 36 37 11.1111 5.92593
47 42 48 9.44444 7.40741
42 47 41 8.88889 7.03704
54 48 49 10.5556 8.14815
43 48 42 10.5556 7.03704
42 36 43 10.5556 6.2963
47 48 54 9.44444 8.14815
53 59 58 7.77778 9.62963
59 53 60 8.88889 9.62963
54 60 53 9.44444 9.25926
55 60 54 10.5556 9.25926
53 47 54 8.88889 8.51852
32 38 72 3.19444 6.01852
49 48 43 11.1111 7.40741
47 53 52 7.77778 8.51852
49 55 54 11.1111 8.51852
56 55 49 12.2222 8.51852
49 43 50 12.2222 7.40741
68 43 64 12.6389 6.38889
43 37 64 11.9444 5.74074
56 49 50 12.7778 8.14815
61 56 62 12.7778 9.62963
56 61 55 12.2222 9.25926
24 75 31 11.1806 3.84259
62 56 74 13.6806 9.21296
68 74 50 13.8194 8.00926
50 74 56 13.6806 8.47222
51 71 65 4.58333 8.7963
55 61 60 11.1111 9.62963
37 31 64 11.9444 5
13 19 73 1.52778 2.68519
12 6 76 10.1042 0.578704
41 47 46 7.77778 7.40741
51 57 71 4.86111 9.35185
