111
0.763889 0.659722
0.416667 0.833333
0.833333 0.555556
0.833333 0
0 0
2.5 0.555556
2.5 0
1.43519 1.66667
2.5 1.66667
4.16667 0.555556
4.16667 1.66667
4.16667 0
1.21528 1.99653
1.73611 2.77778
2.5 2.77778
1.04167 2.08333
2.5 3.88889
4.16667 2.77778
4.16667 3.88889
1.45833 2.91667
2.43056 3.99306
2.08333 4.16667
5.83333 1.66667
5.83333 0.555556
5.83333 0
5.83333 2.77778
7.5 0.555556
7.5 0
7.5 1.66667
9.16667 0.555556
9.16667 0
7.5 2.77778
5.83333 3.88889
7.5 3.88889
4.16667 5
5.83333 5
9.16667 1.66667
3.10185 5
2.88194 5.32986
4.16667 6.11111
3.40278 6.11111
2.70833 5.41667
5.83333 6.11111
7.5 5
4.16667 7.22222
5.83333 7.22222
3.125 6.25
4.09722 7.32639
3.75 7.5
4.76852 8.33333
5.83333 8.33333
4.54861 8.66319
5.83333 9.44444
5.06944 9.44444
4.375 8.75
7.5 8.33333
7.5 7.22222
7.5 6.11111
9.16667 3.88889
9.16667 2.77778
9.16667 6.11111
9.16667 5
7.5 9.44444
7.5 10
5.83333 10
4.79167 9.58333
5 10
9.16667 9.44444
9.16667 8.33333
9.16667 7.22222
10.3537 0.995009
9.67014 0.555556
10.2045 1.66667
10.1563 0.3125
10.4688 0.9375
10.7075 1.99002
10.9375 1.875
10.9635 3.42448
11.5625 3.125
10.5324 2.77778
12.8819 6.64931
13.0208 6.30208
12.5 7.22222
10.8333 7.22222
10.8333 6.11111
12.6389 6.11111
13.9149 8.19878
14.0625 8.125
13.125 6.25
12.5 8.33333
13.7894 8.33333
10.8333 3.88889
10.8738 3.82812
10.8333 5
10 0
11.9878 4.86545
11.8902 4.13303
11.8981 5
12.0313 4.0625
12.3438 4.6875
14.1667 9.63542
14.6875 9.375
14.1667 10
15 10
12.5 9.44444
12.5 10
13.9375 9.44444
10.8333 8.33333
10.8333 9.44444
9.16667 10
10.8333 10
186
109 110
105 110
110 108
109 67
107 108
107 83
101 87
102 105
102 103
100 102
41 46
63 109
99 88
85 97
97 93
95 97
96 95
94 73
84 60
91 93
91 92
58 91
89 90
92 77
88 87
87 86
84 85
83 84
68 107
82 83
80 82
81 80
59 79
78 77
76 75
101 100
70 74
73 71
82 89
29 71
71 70
68 69
104 108
108 67
105 104
72 36
68 55
67 68
98 96
64 66
74 73
52 64
76 78
63 62
85 81
55 62
92 96
61 58
61 43
70 72
60 61
22 28
24 27
77 79
10 8
79 75
69 60
43 33
26 23
22 25
95 99
62 67
47 49
25 17
30 94
15 19
58 59
11 24
4 1
7 8
107 89
59 31
10 22
54 65
12 13
32 33
78 98
46 40
20 21
19 13
103 101
21 19
54 51
18 16
65 53
16 14
75 72
69 56
14 17
17 18
28 26
64 63
50 45
0 7
6 5
16 20
18 34
90 86
39 44
3 4
36 29
52 53
27 26
7 12
2 3
90 106
86 80
13 14
24 23
0 2
50 52
1 0
48 54
9 10
84 93
57 42
5 2
14 8
3 6
1 15
106 100
81 88
29 26
8 5
74 76
15 12
27 30
11 9
25 31
69 83
10 17
37 34
18 32
32 25
33 31
34 35
93 61
30 29
22 23
35 32
28 36
56 45
89 104
99 98
20 37
104 106
36 59
40 38
34 39
39 40
38 37
41 38
21 41
39 42
42 35
35 43
31 28
44 45
57 60
62 52
6 11
45 42
23 9
44 47
57 43
47 48
48 46
49 50
51 49
53 51
50 55
55 56
66 65
56 57
5 9
33 58
76
4 3 2 0 1 0.490811 0.333181
6 5 2 3 1.66667 0.277778
8 7 0 2 5 1.77105 1.06548
5 9 10 8 3.33333 1.11111
11 9 5 6 3.33333 0.277778
14 13 12 7 8 1.95531 2.18527
1 0 7 12 15 0.938245 1.36352
16 14 17 18 3.33333 3.33333
19 13 14 16 20 21 2.09274 3.34682
14 8 10 17 3.33333 2.22222
23 22 10 9 5 1.11111
24 23 9 11 5 0.277778
15 12 13 19 1.38088 2.47463
17 10 22 25 5 2.22222
27 26 23 24 6.66667 0.277778
28 22 23 26 6.66667 1.11111
30 29 26 27 8.33333 0.277778
31 25 22 28 6.66667 2.22222
32 18 17 25 5 3.33333
33 32 25 31 6.66667 3.33333
35 34 18 32 5 4.44444
29 36 28 26 8.33333 1.11111
34 37 20 16 18 3.43771 4.39881
38 37 34 39 40 3.62198 5.51861
21 20 37 38 41 2.60491 4.69686
42 39 34 35 5 5.55556
33 43 35 32 6.66667 4.44444
45 44 39 42 5 6.66667
46 40 39 44 47 48 3.75941 6.68016
50 49 47 44 45 5.10438 7.73214
51 49 50 52 53 5.28864 8.85194
48 47 49 51 54 4.27158 8.03019
56 55 50 45 6.66667 7.77778
57 56 45 42 6.66667 6.66667
43 57 42 35 6.66667 5.55556
59 58 33 31 8.33333 3.33333
61 60 57 43 8.33333 5.55556
58 61 43 33 8.33333 4.44444
62 52 50 55 6.66667 8.88889
64 52 62 63 6.66667 9.72222
65 53 52 64 66 5.36648 9.71919
68 67 62 55 8.33333 8.88889
69 68 55 56 8.33333 7.77778
71 70 72 36 29 9.68673 1.15118
74 70 71 73 10.111 0.645381
76 75 72 70 74 10.5333 1.52626
60 69 56 57 8.33333 6.66667
78 77 79 75 76 10.9871 2.71032
59 36 72 75 79 9.87424 2.2326
36 59 31 28 8.33333 2.22222
81 80 82 83 84 85 11.8205 6.64826
87 86 80 81 88 13.4168 7.16315
90 89 82 80 86 13.0485 7.71323
79 77 92 91 58 59 9.99603 3.35372
61 58 91 93 10 4.44444
84 83 69 60 10 6.66667
93 84 60 61 10 5.55556
73 71 29 30 94 9.59612 0.261939
96 95 97 93 91 92 11.3576 4.49111
99 95 96 98 12.078 4.48602
88 81 85 97 95 99 12.4899 5.47043
41 38 40 46 3.04754 5.80796
85 84 93 97 11.5669 5.60335
103 102 100 101 14.5438 9.7592
105 104 106 100 102 13.315 9.7274
101 100 106 90 86 87 14.1633 8.95182
98 96 92 77 78 11.4402 3.66638
107 68 69 83 10 7.77778
68 107 108 67 10 8.88889
82 89 107 83 11.6667 7.77778
63 62 67 109 8.33333 9.72222
109 67 108 110 10 9.72222
108 107 89 104 11.6667 8.88889
104 89 90 106 13.1824 8.89895
110 108 104 105 11.6667 9.72222
54 51 53 65 4.71421 9.14129
