76
3.125 1.48749
3.125 0
2.74952 1.68726
1.25 0.9375
1.25 0
2.53811 3.41845
1.875 3.75
0.625 1.25
0 0
4.2725 4.62873
4.84801 2.21521
3.75861 1.42956
6.01211 2.12898
4.05218 1.08798
4.91072 0.6365
6.25 0.446845
6.43604 0.800735
4.79086 5.41707
4.84493 5.43652
5.05871 5.35886
6.54745 2.93074
7.84584 1.0106
8.17476 1.36374
7.71099 2.53397
7.28461 3.03183
7.74278 3.60899
6.33386 5.46845
4.0625 0.99079
4.0625 0
9.91785 1.60358
10.625 1.25
9.86068 1.56815
9.375 0.218579
9.375 0
10 0
8.125 0.229851
8.125 0
4.53294 8.67103
4.375 8.75
5.03821 6.36131
3.125 6.25
7.09674 8.21541
7.14474 8.20897
7.78668 8.00904
7.99208 6.03123
6.2014 8.91448
5.625 9.05863
6.5625 9.63855
7.1875 9.89933
7.29138 9.77773
6.5625 10
5.625 10
8.75 9.80244
8.93206 8.76481
8.47928 4.04558
9.02663 5.37811
12.5 8.125
12.5 10
11.9133 7.83167
8.75 10
7.1875 10
4.84375 0.312934
4.45312 0.0952978
4.60937 0.0153829
6.25 0
4.84375 0
4.60938 0
9.35124 2.79137
9.88743 2.36589
10.485 5.56707
11.124 4.12552
11.875 3.75
13.75 7.5
15 10
5 10
4.45313 0
112
28 75
75 62
50 60
74 38
51 74
56 72
58 69
30 71
71 70
70 68
32 33
46 37
1 28
27 13
72 71
25 26
61 14
24 20
65 64
21 22
26 19
2 3
13 14
15 16
19 20
36 35
29 31
41 45
35 21
5 9
53 43
60 48
14 15
62 63
64 36
18 19
45 46
4 1
54 55
11 0
3 7
3 4
7 6
50 47
52 53
32 35
30 29
22 23
20 12
61 65
1 0
52 59
0 2
23 24
16 12
9 17
33 34
22 31
47 48
55 44
31 32
5 2
10 11
8 4
24 25
67 68
73 57
44 26
9 10
28 27
58 53
12 10
33 36
72 73
17 40
16 21
6 5
11 13
17 18
40 38
40 6
66 75
37 39
39 41
59 57
55 69
41 42
34 30
42 43
43 44
45 47
48 49
49 42
51 50
69 70
49 52
25 54
65 66
57 56
38 37
46 51
67 54
7 8
56 58
39 18
23 67
27 62
59 60
63 61
64 15
66 63
68 29
37
1 0 2 3 4 2.27157 0.702095
7 3 2 5 6 1.82242 2.21441
4 3 7 8 0.738636 0.501894
11 10 9 5 2 0 3.67408 2.84627
12 10 11 13 14 15 16 5.24548 1.34234
20 19 18 17 9 10 12 5.29719 3.57797
20 12 16 21 22 23 24 7.04993 1.86818
19 20 24 25 26 6.46454 4.23645
28 27 13 11 0 1 3.57483 0.700407
30 29 31 32 33 34 9.95366 0.755341
22 21 35 32 31 8.83116 0.873607
33 32 35 36 8.74476 0.112131
40 17 18 39 37 38 4.24299 6.85871
26 44 43 42 41 39 18 19 6.59348 6.60165
41 45 46 37 39 5.62269 7.96507
42 49 48 47 45 41 6.8424 9.10213
51 46 45 47 50 6.05347 9.52816
6 5 9 17 40 3.26876 4.83502
53 52 49 42 43 7.97714 8.99493
44 26 25 54 55 7.79294 4.9547
59 52 53 58 56 57 10.8288 9.11095
60 48 49 52 59 7.96689 9.89599
61 14 13 27 62 63 4.50854 0.542908
64 15 14 61 65 5.51356 0.272467
65 61 63 66 4.76196 0.104552
54 25 24 23 67 8.27043 3.17486
31 29 68 67 23 22 8.87802 2.07843
36 35 21 16 15 64 7.19479 0.433409
70 69 55 54 67 68 9.79913 4.14871
71 70 68 29 30 10.7872 2.69549
69 58 53 43 44 55 9.58211 7.08003
72 56 58 69 70 71 12.0248 6.07631
57 56 72 73 13.5227 8.99621
38 37 46 51 74 5.10553 9.35495
50 47 48 60 6.81622 9.87221
75 62 27 28 4.20413 0.333051
66 63 62 75 4.51245 0.0324786
