0
177
68 70
44 69
68 5
69 67
25 69
43 66
58 65
48 64
5 70
67 62
70 63
66 61
58 19
64 57
0 64
61 52
51 4
49 19
8 55
45 54
44 25
25 67
22 29
65 44
44 36
40 49
35 28
19 65
36 25
30 14
43 29
36 62
19 35
30 36
28 36
62 30
29 3
3 37
52 40
40 22
57 43
37 57
22 52
43 37
25 62
33 17
50 59
4 50
34 26
9 33
24 1
11 56
18 9
9 45
61 22
3 20
30 53
13 9
39 11
46 39
26 6
3 28
11 0
24 2
63 38
18 59
6 27
27 31
31 6
45 31
42 55
6 16
13 45
34 5
47 34
1 2
32 23
12 33
45 16
29 20
23 13
31 13
32 24
34 16
7 0
13 24
29 66
16 54
50 12
5 63
49 20
63 47
20 19
21 4
59 9
20 28
2 13
7 11
34 63
26 16
11 46
12 4
27 26
6 45
37 29
38 47
36 19
13 27
42 27
42 26
27 23
29 61
37 24
49 58
17 12
12 21
1 17
51 60
15 41
10 14
60 50
23 55
54 34
50 33
20 22
55 46
9 2
53 41
2 33
59 45
33 1
10 17
15 4
17 21
22 49
51 15
54 68
21 15
23 11
14 15
47 42
32 7
62 53
65 36
33 18
21 14
14 53
39 56
30 1
56 48
53 15
27 8
50 18
8 23
4 60
30 3
13 32
11 32
36 35
26 47
1 37
37 30
20 35
7 37
54 5
24 7
1 10
17 14
30 10
3 36
48 0
0 56
41 51
23 46
57 7
42 8
0 57
107
63 47 34 1.73376 0.927617
42 26 47 3.57905 0.514943
16 54 34 1.99016 1.96165
16 34 26 2.65254 1.64326
16 26 6 3.36253 1.96066
16 6 45 3.11681 3.11238
34 47 26 2.60447 1.02589
47 63 38 1.04167 0.416667
13 27 23 5.76251 1.99658
27 26 42 4.38329 1.0255
31 13 45 4.036 3.67642
31 6 27 4.54291 2.23075
13 31 27 4.84024 2.5203
31 45 6 3.73868 3.38686
2 13 24 5.38674 4.38818
27 6 26 4.1187 1.85385
11 46 39 9.01897 0.369057
13 9 45 3.8071 4.71265
18 9 33 4.0161 6.03106
59 9 18 3.56198 6.01651
4 50 12 4.3174 7.47645
12 33 17 5.05374 6.857
4 12 21 4.80361 7.44987
50 33 12 4.29129 6.93321
9 2 33 4.37722 5.86376
45 9 59 3.14936 5.67808
1 17 33 5.44096 6.32508
24 1 2 5.62006 5.07369
10 17 1 6.07467 6.73361
12 17 21 5.29417 7.23254
15 41 51 4.91726 9.13417
4 21 15 5.05036 7.99872
14 15 21 5.64364 7.96554
15 14 53 6.40743 8.82544
14 21 17 5.86383 7.50516
33 2 1 5.03559 5.73909
9 13 2 4.58084 4.88378
50 18 33 3.99174 6.60299
8 23 27 5.97554 1.1463
42 8 27 5.21667 0.778174
32 24 13 6.45693 3.29
32 23 11 8.28844 1.4768
30 1 37 7.50761 6.17319
7 37 24 8.04784 4.6126
10 1 30 6.71189 6.8243
10 14 17 6.25711 7.53814
24 32 7 7.79989 3.49691
32 13 23 6.80221 2.22565
48 0 56 10.9495 2.29279
11 23 46 8.11118 0.737178
57 7 0 10.6585 3.61761
0 7 11 9.88583 2.73667
43 37 57 11.0502 4.77197
37 7 57 9.92592 4.43012
40 22 52 13.7695 8.64356
11 7 32 8.90527 2.43349
46 23 55 7.00887 0.368122
3 37 29 10.5702 6.49058
62 30 36 8.88298 8.86909
30 14 10 6.89433 7.62883
36 25 62 9.39543 9.63489
36 30 3 9.47344 8.17966
36 3 28 10.4035 8.454
19 65 36 10.5232 9.54121
30 37 3 9.08201 7.0137
53 14 30 7.26483 8.45575
3 20 28 10.9995 8.23918
3 29 20 11.5576 7.44172
22 49 20 12.2654 8.95001
28 20 35 11.1314 8.53513
20 19 35 11.2165 8.93291
22 40 49 13.3528 9.47689
44 36 65 10.1917 9.68794
19 36 35 10.6206 9.14773
61 22 29 12.699 6.88492
35 36 28 10.5354 8.74995
29 22 20 12.2366 7.60804
53 41 15 5.95892 9.55084
44 25 36 9.81209 9.63489
1 24 37 6.93821 5.09119
16 45 54 2.1314 3.11737
29 37 43 11.2297 5.51333
55 23 8 6.4213 0.635743
63 34 5 1.25018 1.49507
56 0 11 10.3851 1.82852
49 19 20 11.7442 9.32638
4 60 50 4.12606 7.84945
15 51 4 4.77248 8.44196
61 52 22 13.1445 7.39356
62 53 30 8.06633 9.18115
54 5 34 1.45852 1.91174
8 42 55 5.66243 0.267622
11 39 56 10.0606 0.785724
0 64 57 11.4703 3.33446
19 49 58 11.5815 9.85327
18 50 59 3.53761 6.58844
4 51 60 4.33439 8.26612
29 66 61 12.7837 5.9497
25 67 62 9.20377 9.94695
5 70 63 0.818509 1.50495
0 48 64 11.262 2.91779
19 58 65 10.9565 9.85327
29 43 66 12.5753 5.53303
25 69 67 9.51627 9.94695
5 54 68 1.07893 2.02579
25 44 69 9.72461 9.94695
5 68 70 0.922676 1.71329
