144
1.14983 1.1829
0.703125 1.40625
1.44529 0.905777
1.51415 0.552471
1.25 0.15625
0.3125 0.625
1.25 0
2.66361 0.870218
3.75 0.351823
3.75 0
1.62293 1.98208
2.01105 2.31366
2.66064 1.15807
5.625 0.166016
5.625 0
4.97093 0.766659
4.06846 0.715226
3.3195 2.42948
4.07581 1.64996
2.52703 3.42398
2.90941 3.4415
1.3847 2.04203
1.09375 2.1875
1.875 3.75
3.54643 3.87368
4.66693 2.08799
3.68041 3.98952
3.84186 4.24433
3.11238 5.47506
2.8125 5.625
0 0
6.2746 2.31347
5.52404 2.38989
6.4465 2.47995
6.55317 2.7557
5.14743 4.45763
3.95756 4.30503
6.25828 2.22321
8.41672 1.14494
8.41719 0.760298
6.875 0.448354
6.54601 0.754178
5.21155 4.53249
5.38959 6.21816
4.35672 5.7762
7.29359 5.36058
7.72459 4.49928
7.63367 3.68672
8.75 0.141998
10.1544 0.704043
9.93436 2.34965
9.60529 2.58028
9.44551 2.55633
6.875 0
8.75 0
10.3125 0.625
10 0
3.27015 5.71153
4.15578 6.03821
3.88905 6.75647
3.67099 6.75825
3.93079 6.78198
5.46539 6.46063
5.50775 6.39348
3.4375 6.875
4.29818 7.44128
4.17534 7.67795
4.73305 7.47486
5.18402 8.05123
4.84891 8.424
4.43616 8.3288
3.90625 7.8125
5.46463 6.46461
5.70773 7.8174
6.04957 7.62672
7.06092 6.1939
5.64716 7.98804
7.25535 6.09192
7.19005 6.15776
7.16482 7.78415
4.92967 9.25392
6.25 9.6231
6.58897 9.08898
6.25 10
4.6875 9.375
5 10
4.21875 8.4375
7.32473 8.69865
8.125 8.84492
8.125 10
9.35134 6.96811
9.19939 7.97472
8.67427 8.66582
10.5602 6.07607
10.6444 5.32613
10.619 5.15923
10.605 5.13535
10.5679 4.68106
11.2666 2.88233
11.4063 2.8125
10.02 2.33376
10.9375 1.875
11.2711 3.66135
11.7188 3.4375
12.1875 4.375
12.3297 5.47576
12.6563 5.3125
13.75 9.26074
13.75 10
13.9378 8.96862
14.375 8.75
15 10
12.6213 7.28308
12.3432 7.2108
12.1648 7.22132
12.1374 9.20077
13.4375 6.875
11.5772 7.05898
11.2684 7.8295
10.0855 8.42196
12.8052 6.01925
9.0625 9.66291
9.0625 10
8.91316 8.97202
9.86166 9.53797
10.3125 9.51387
10.4096 9.44386
10.508 9.23658
10.389 8.7655
9.53125 9.99078
9.84375 9.59578
11.2364 8.43262
10.9375 9.88712
11.574 9.12496
11.8804 9.32468
11.875 9.34322
10.9375 10
10.3125 10
11.875 10
9.84375 10
12.9688 5.9375
0.87405 1.71141
9.53125 10
0.859375 1.71875
214
22 143
1 143
143 141
142 129
140 106
103 99
71 86
141 21
116 140
140 120
137 139
139 130
71 64
83 81
61 62
70 66
54 53
7 8
52 38
4 5
28 57
39 48
46 47
92 88
42 43
53 14
59 60
53 40
17 20
104 103
120 105
33 38
31 37
25 32
17 18
9 6
29 64
47 34
34 35
90 93
12 17
26 32
87 82
55 49
99 98
56 55
2 10
5 30
5 1
108 138
68 69
13 15
26 27
118 119
57 58
122 142
19 23
51 52
25 18
10 11
38 39
43 44
123 124
41 37
6 4
1 0
119 91
114 115
61 65
3 4
12 7
109 112
11 12
72 62
127 128
54 56
127 133
44 36
8 9
20 19
9 14
63 43
23 22
59 61
18 16
67 68
24 25
0 2
15 16
19 11
95 104
14 13
85 83
2 3
75 63
22 21
121 129
21 10
20 24
48 54
24 26
45 46
27 28
0 141
37 15
98 100
28 29
58 59
58 44
100 101
29 23
138 135
69 70
30 6
31 33
66 71
128 131
32 31
142 139
64 60
50 51
128 119
62 63
36 27
95 96
91 92
33 34
67 72
82 81
72 73
73 74
74 75
68 76
48 49
97 102
76 73
77 78
78 75
78 79
79 74
35 42
81 80
89 88
101 55
138 136
96 46
80 69
60 57
45 77
76 82
80 84
84 85
117 118
125 137
86 70
84 86
115 107
113 120
79 87
103 102
88 87
83 89
49 50
90 91
3 7
13 41
122 121
133 134
52 47
77 90
94 95
51 97
106 105
97 96
101 99
100 50
102 98
42 45
105 94
104 106
108 107
107 109
109 110
132 126
110 111
111 108
112 113
117 114
113 114
116 112
110 116
65 67
39 40
93 94
93 117
123 92
89 122
16 8
124 125
66 65
125 126
126 127
129 130
40 41
130 124
131 118
121 123
134 135
135 132
136 132
137 136
35 36
131 133
134 115
71
5 4 3 2 0 1 0.952579 0.765417
9 8 7 3 4 6 2.50932 0.335815
12 11 10 2 3 7 1.99526 1.32522
14 13 15 16 8 9 4.62359 0.328659
18 17 12 7 8 16 3.43701 1.29202
19 11 12 17 20 2.67512 2.41101
22 21 10 11 19 23 1.81988 2.83266
25 24 20 17 18 3.75034 2.73758
23 19 20 24 26 27 28 29 2.87705 4.35818
6 4 5 30 0.586623 0.216557
32 31 33 34 35 36 27 26 5.18589 3.42909
25 18 16 15 37 31 32 4.99193 1.58145
41 40 39 38 33 31 37 7.1958 1.30985
32 26 24 25 4.51787 2.90194
36 35 42 43 44 4.74159 5.16453
47 46 45 42 35 34 6.62668 4.14561
39 48 49 50 51 52 38 9.32505 1.27814
54 48 39 40 53 7.82803 0.302213
55 49 48 54 56 9.6192 0.263916
44 58 57 28 27 36 3.78708 5.27382
57 58 59 60 3.7328 6.22645
43 63 62 61 59 58 44 4.61689 6.31333
29 28 57 60 64 3.25425 6.1434
66 65 67 68 69 70 4.64718 7.92161
64 60 59 61 65 66 71 3.88777 7.24007
62 72 67 65 61 4.64361 6.96182
75 74 73 72 62 63 6.09721 6.8507
73 76 68 67 72 5.28887 7.40833
75 63 43 42 45 77 78 6.16531 5.58419
74 75 78 79 6.79887 7.14951
81 80 69 68 76 82 5.6365 8.83259
85 84 80 81 83 5.46041 9.68836
86 70 69 80 84 4.63594 8.78499
82 76 73 74 79 87 6.56218 8.26282
83 81 82 87 88 89 7.28066 9.43751
41 37 15 13 5.86412 1.05001
47 34 33 38 52 7.95518 2.46275
78 77 90 91 92 88 87 79 8.11546 7.54636
46 96 95 94 93 90 77 45 8.9077 5.68616
96 46 47 52 51 97 9.1519 3.95469
99 98 100 101 10.8024 2.38478
102 97 51 50 100 98 10.5264 3.32697
101 100 50 49 55 10.3586 1.57217
104 95 96 97 102 103 11.3514 4.30484
106 105 94 95 104 11.759 5.04637
108 107 109 110 111 14.2693 9.50517
115 114 113 112 109 107 12.8226 8.43586
110 109 112 116 13.5361 7.87948
53 40 41 13 14 6.34686 0.275932
90 93 117 118 119 91 10.3432 7.31958
105 120 113 114 117 93 94 11.7011 6.17333
89 88 92 123 121 122 8.56158 9.40857
119 128 127 126 125 124 123 92 91 9.63615 8.81022
130 129 121 123 124 9.35799 9.51547
131 128 119 118 10.7576 8.34062
132 126 127 133 134 135 11.096 9.43854
137 125 126 132 136 10.5589 9.79285
114 115 134 133 131 118 117 11.7518 8.16797
138 135 134 115 107 108 12.8089 9.61734
127 128 131 133 10.9634 8.8881
139 130 124 125 137 10.0807 9.76362
116 112 113 120 140 12.8814 6.69597
21 141 0 2 10 1.29848 1.5544
71 66 70 86 4.17905 8.05289
103 102 98 99 11.4295 3.25978
136 132 135 138 11.5167 9.77555
140 120 105 106 12.6681 5.65386
122 121 129 142 9.22291 9.88755
1 0 141 143 0.905921 1.4392
142 129 130 139 9.73726 9.86519
143 141 21 22 1.10909 1.97514
