0
1459
529 530
529 323
528 323
527 323
323 530
526 525
525 522
483 519
506 518
335 522
522 514
498 512
422 511
510 380
520 509
519 507
506 325
104 517
503 167
500 527
527 335
455 494
468 493
467 492
441 491
439 490
511 488
462 487
461 486
508 484
206 508
483 199
325 518
481 104
413 481
480 504
499 475
340 512
497 473
173 496
322 490
489 464
91 489
488 463
485 248
460 485
483 137
458 483
505 456
455 103
427 453
335 514
514 450
204 296
446 173
471 445
27 471
469 443
486 441
91 464
432 458
458 137
423 370
207 466
421 91
418 209
437 416
451 478
255 437
507 415
199 507
436 414
413 104
415 410
409 448
430 408
119 453
493 424
283 493
438 419
403 434
475 403
521 440
433 411
256 433
333 322
463 439
439 333
453 405
322 465
476 336
2 322
141 487
420 2
2 255
215 2
308 215
333 308
308 11
28 49
49 11
208 396
485 251
72 208
389 11
515 502
366 115
215 416
39 215
416 39
256 346
394 115
296 502
256 394
433 115
366 394
366 71
115 147
83 115
96 208
83 98
97 72
72 389
83 97
389 83
97 389
147 366
481 517
147 338
96 147
338 96
422 277
488 28
440 466
28 82
277 28
82 277
261 207
261 208
440 78
380 440
380 78
151 380
165 462
462 151
323 526
405 165
133 132
132 80
78 466
165 151
78 132
151 78
419 436
132 151
363 96
211 306
208 363
334 363
329 334
329 363
392 306
329 392
306 329
477 501
306 319
169 306
143 245
169 80
169 319
165 133
445 427
271 143
336 513
202 271
143 319
143 148
485 524
202 143
49 333
428 368
348 428
96 356
146 96
213 346
338 339
172 339
356 339
147 213
339 147
213 411
172 201
350 172
454 350
201 454
356 210
146 356
345 60
210 339
60 200
200 220
241 172
350 479
172 161
219 172
446 496
161 350
350 35
348 368
35 348
161 35
35 368
454 503
460 248
347 187
161 347
270 192
241 219
82 396
220 241
192 220
241 192
468 283
219 187
90 187
192 90
113 192
113 90
90 343
221 100
345 221
363 146
211 363
146 211
270 113
72 49
76 10
210 345
100 10
100 220
319 211
345 10
211 345
10 211
100 270
76 100
528 529
132 261
148 76
76 270
319 10
148 319
417 412
333 2
10 148
116 202
315 202
512 474
148 315
289 139
139 234
274 234
448 340
135 289
115 39
96 97
200 210
234 135
45 234
229 499
418 435
138 113
215 98
113 14
423 497
384 76
179 384
224 179
444 470
49 308
76 179
343 230
14 343
251 524
138 14
32 224
224 14
230 224
333 463
187 343
384 32
274 45
139 384
238 234
189 491
212 238
356 338
123 238
45 212
288 45
315 398
116 315
435 413
427 119
290 427
405 265
27 445
272 265
55 265
291 265
369 265
272 291
503 523
272 119
405 272
119 405
24 265
369 24
167 523
464 438
317 369
463 49
346 366
317 24
303 317
449 499
28 463
291 369
290 291
223 290
291 223
291 46
291 388
193 196
388 193
170 388
193 170
388 46
232 388
317 184
46 317
350 201
184 303
303 55
55 116
232 46
213 339
184 116
265 165
373 249
37 249
249 116
339 241
373 29
232 29
193 232
314 193
79 314
202 148
232 180
92 111
79 180
180 29
111 180
29 111
27 223
223 16
465 402
420 465
199 415
245 169
471 16
410 471
170 196
249 92
199 155
415 364
155 364
155 286
320 286
16 196
137 155
408 349
349 25
447 432
447 204
443 425
137 330
432 137
204 432
204 330
451 204
330 451
490 465
425 330
320 77
211 210
0 330
330 155
372 79
349 443
188 314
314 372
62 486
364 196
367 196
188 367
196 188
144 372
135 315
254 233
128 425
425 259
232 373
254 371
104 505
77 254
87 77
259 371
259 330
330 87
478 515
77 286
331 423
179 138
294 129
184 55
214 294
198 124
68 52
31 124
517 505
182 149
21 38
99 397
34 197
94 99
225 117
84 329
412 446
40 54
16 170
93 13
214 129
386 52
12 365
334 208
214 40
527 528
289 234
99 395
352 158
390 412
436 266
250 281
102 58
170 291
353 40
40 130
379 103
477 399
407 279
391 15
379 26
82 252
37 393
236 379
447 502
196 314
3 160
344 38
429 455
353 429
170 223
455 353
449 229
235 278
94 236
195 26
395 214
103 195
275 300
163 393
195 22
176 299
62 441
385 73
179 113
401 447
244 217
510 151
258 244
75 194
36 106
151 141
242 181
446 130
382 159
143 169
268 275
149 258
44 64
106 361
368 227
297 209
16 27
236 397
140 327
327 150
245 80
191 42
281 150
296 515
140 181
36 358
480 103
140 34
311 108
362 191
182 81
145 395
66 351
479 428
164 81
300 243
34 181
334 261
218 44
281 194
502 401
265 303
360 52
253 229
250 360
191 168
301 250
50 63
98 11
301 246
231 47
60 210
68 299
95 186
434 460
442 30
473 174
216 299
316 54
274 12
530 526
54 130
34 351
343 347
261 80
363 392
197 48
6 258
61 300
15 302
275 381
41 86
242 327
5 48
352 426
136 377
167 516
42 326
150 361
224 384
353 379
426 452
173 40
6 404
411 201
59 235
241 200
180 231
404 258
240 149
182 88
182 217
454 167
217 222
66 4
320 155
239 251
350 167
227 161
117 171
26 94
214 56
311 109
243 66
56 99
172 213
187 192
300 149
224 138
240 300
111 73
240 61
347 95
251 520
146 210
144 364
6 240
81 66
168 42
352 285
158 61
181 250
376 175
4 351
436 324
327 106
456 328
286 364
361 75
351 302
377 275
312 288
203 171
361 382
24 303
258 240
381 122
294 395
250 48
120 444
315 289
122 67
67 4
396 72
39 433
238 32
267 266
103 494
123 32
29 92
125 145
400 421
412 130
126 154
246 360
158 6
132 165
176 160
227 35
145 99
494 480
364 77
160 52
86 53
395 3
177 186
162 264
399 89
154 162
4 302
136 391
144 188
467 331
188 372
58 190
438 228
354 41
450 156
330 77
431 409
341 174
112 127
274 288
183 58
117 342
472 353
85 247
66 164
376 365
282 126
299 185
282 136
397 214
69 174
154 257
242 281
140 106
399 1
2 308
262 86
438 307
55 271
164 243
225 57
110 351
23 112
457 266
20 316
207 422
405 462
0 320
154 267
353 103
87 259
282 391
128 259
266 414
451 296
153 459
375 206
420 255
398 37
129 316
359 15
162 282
438 65
428 406
55 143
178 105
290 27
279 145
104 456
299 145
323 525
5 197
267 304
57 19
137 199
312 159
264 70
501 421
414 457
47 111
284 283
1 228
98 308
1 183
301 93
89 156
268 377
109 34
381 67
351 81
443 128
475 434
346 411
404 118
357 260
378 424
500 335
176 395
304 257
129 54
295 189
136 51
23 107
99 26
423 74
177 95
498 340
302 110
205 59
121 431
357 183
91 438
182 164
456 430
371 87
190 102
470 426
25 128
67 302
394 71
396 261
133 245
216 160
249 46
1 89
353 173
48 301
318 168
215 255
186 383
275 61
137 204
93 276
46 373
99 214
284 30
65 228
108 88
267 257
47 21
257 1
222 182
262 157
252 207
64 85
470 352
408 469
86 64
156 495
93 102
21 73
244 118
150 242
342 225
457 126
221 60
243 4
71 346
413 328
302 377
450 166
324 65
126 121
307 436
424 476
230 171
398 393
249 184
377 381
160 386
372 127
307 324
234 123
397 379
293 120
211 392
26 236
240 158
235 205
377 15
300 381
70 110
399 332
19 237
84 169
479 348
69 309
183 89
501 400
448 498
16 410
81 109
65 307
120 51
495 477
277 511
93 185
89 166
233 144
268 352
281 360
254 144
250 242
266 126
299 246
209 435
376 12
324 304
273 166
442 325
290 119
260 190
260 89
229 355
399 495
335 450
324 267
52 216
97 147
409 121
192 219
14 90
13 298
325 482
154 58
110 276
425 451
250 197
50 344
166 335
364 16
335 336
491 467
282 154
6 452
156 399
280 142
273 260
49 396
149 243
310 321
255 416
185 9
54 214
36 50
311 182
305 189
233 372
258 217
208 97
369 46
180 314
194 57
335 273
102 378
430 142
496 472
28 396
466 132
107 313
119 291
284 325
384 123
299 125
155 415
298 284
143 165
108 140
177 171
248 251
140 36
217 149
300 122
110 102
480 195
148 139
150 75
145 153
30 325
355 42
477 332
153 30
222 278
154 183
80 334
13 153
84 334
186 247
298 30
360 301
13 185
133 80
402 420
470 268
439 322
46 184
4 300
408 25
153 442
382 288
327 361
459 442
5 34
416 433
377 67
190 424
321 105
175 152
409 282
260 58
133 143
285 275
9 246
58 264
354 157
268 136
30 13
316 157
41 44
525 335
421 489
63 163
44 177
70 102
173 472
450 495
411 454
468 284
162 70
395 56
276 301
5 110
246 68
283 424
81 34
361 159
298 93
194 360
269 262
233 134
25 134
93 9
359 110
324 266
466 422
117 387
70 359
415 16
136 293
64 186
524 520
81 311
231 127
340 474
61 285
228 91
199 519
293 340
261 82
178 218
482 468
190 336
142 134
112 31
141 510
42 263
12 382
273 336
474 120
382 374
391 162
279 459
283 378
444 51
316 294
294 20
269 362
268 285
222 107
362 54
262 43
144 367
316 262
362 130
247 64
132 207
397 94
134 280
51 268
176 3
53 287
269 53
251 509
509 239
390 239
239 417
417 390
270 179
390 42
11 83
58 357
33 225
420 437
42 239
264 154
368 406
187 161
390 191
85 17
116 398
239 248
23 344
390 362
462 141
216 176
205 118
362 287
256 411
287 191
117 105
42 248
74 370
145 26
283 298
355 434
326 355
487 510
460 326
285 158
326 248
513 500
355 475
383 206
355 253
345 100
20 321
13 125
287 269
341 229
2 465
253 341
359 162
229 475
174 449
449 341
509 417
109 108
365 358
123 139
504 407
22 504
474 444
168 287
287 318
276 102
57 237
337 318
207 277
165 55
318 69
209 328
121 457
77 0
337 292
264 102
59 198
53 337
357 89
292 131
375 368
131 337
32 8
167 479
263 355
131 85
461 383
189 467
65 1
85 74
125 153
102 298
43 53
228 332
36 108
131 318
131 309
32 230
101 163
152 36
80 84
253 69
263 168
394 346
391 377
374 12
79 231
204 502
9 301
69 263
309 74
252 261
313 108
277 488
235 244
370 309
347 177
174 370
387 32
352 6
8 230
15 162
163 274
518 482
153 279
174 309
74 331
53 292
476 190
218 354
23 313
160 237
127 23
259 25
237 3
386 237
237 20
142 59
186 44
145 176
171 178
344 21
316 269
20 3
114 212
386 194
118 297
57 386
212 288
52 194
157 321
98 39
271 116
124 112
197 181
321 354
166 156
157 20
354 262
407 459
226 225
321 19
335 323
19 310
452 352
21 231
20 19
461 62
57 310
310 105
57 117
77 371
117 310
48 276
57 33
75 33
328 205
349 469
33 194
33 312
473 449
312 226
148 289
382 312
45 238
26 279
114 226
492 423
226 288
288 114
247 331
222 88
33 159
360 68
226 342
105 171
49 389
89 273
190 273
206 484
380 521
364 367
178 354
478 296
342 114
230 203
114 387
324 257
421 228
393 101
387 342
8 117
149 164
127 21
351 5
267 126
387 8
139 76
230 117
43 86
262 41
64 53
18 206
306 84
327 181
484 461
22 407
64 41
516 479
218 41
434 326
64 17
406 508
152 374
17 53
292 17
247 74
247 7
279 195
295 247
130 173
331 492
305 7
121 282
482 284
404 297
278 23
136 409
247 305
201 213
189 331
140 109
331 295
128 349
441 189
207 82
7 189
419 307
155 0
378 190
305 441
292 85
287 337
44 178
504 195
178 177
37 385
115 256
379 214
378 298
203 347
297 328
177 203
374 106
347 227
227 375
445 290
305 383
523 516
383 62
62 305
92 37
305 186
484 383
220 221
383 375
328 104
406 18
101 274
246 185
18 368
159 75
163 73
370 497
375 18
74 131
421 332
383 95
476 513
263 253
107 278
385 393
203 343
448 293
26 103
114 32
406 206
106 382
336 500
452 404
212 32
118 235
258 118
510 521
297 205
340 120
198 235
313 88
112 278
88 107
344 313
124 235
51 470
328 59
309 318
25 280
92 373
276 5
280 408
328 142
134 59
122 4
257 183
328 430
77 144
324 1
430 280
40 379
134 371
314 232
69 168
124 278
161 219
198 31
375 347
59 31
31 233
222 244
233 112
31 134
457 431
43 269
233 127
312 225
127 79
209 413
418 297
404 418
366 213
220 270
130 390
127 344
350 348
358 152
50 358
200 339
174 253
374 36
175 358
222 235
358 376
63 358
63 365
332 501
108 50
83 147
376 152
302 359
228 399
313 50
75 281
12 152
39 83
7 295
365 274
472 429
14 230
375 95
365 163
274 382
38 50
21 63
73 47
68 216
22 279
370 473
73 63
163 385
88 311
63 38
135 101
393 135
385 92
37 116
442 506
120 136
73 92
221 200
269 54
105 354
135 274
185 125
231 111
409 293
398 135
3 294
371 233
25 371
929
421 332 501 0.172464 0.279141
121 431 409 2.01843 0.0659459
91 438 228 0.410584 0.177314
421 228 332 0.298501 0.345656
65 307 324 0.830831 0.317705
438 65 228 0.535124 0.285883
324 307 436 0.890495 0.202504
228 65 1 0.659765 0.532416
65 438 307 0.670062 0.203448
1 65 324 0.850746 0.475991
495 477 399 0.0804768 0.813769
332 228 399 0.274812 0.638592
156 399 89 0.369611 1.02301
156 495 399 0.152431 0.940111
156 89 166 0.379933 1.132
89 399 1 0.578547 0.934865
89 1 183 0.869974 0.942007
273 166 89 0.537104 1.27881
228 1 399 0.487405 0.710151
335 450 166 0.147447 1.3106
324 257 1 1.02963 0.54993
156 166 450 0.162753 1.15327
304 257 324 1.18002 0.480989
324 267 304 1.19351 0.453355
257 304 267 1.30821 0.528238
1 257 183 1.08452 0.73575
154 267 126 1.57644 0.657584
126 267 266 1.38234 0.294088
266 414 457 1.35272 0.0385613
267 154 257 1.48626 0.752703
457 126 266 1.45796 0.132582
282 126 121 1.78515 0.527033
58 357 183 1.09992 1.28219
357 89 183 0.916577 1.15199
183 257 154 1.41295 0.891274
154 58 183 1.38175 1.22773
282 391 162 2.24 1.14605
154 126 282 1.83437 0.863145
154 162 264 1.84704 1.35257
15 162 391 2.36547 1.25269
15 302 359 2.74647 1.42074
282 162 154 2.00504 1.17962
282 136 391 2.5014 0.889757
15 359 162 2.3491 1.36712
121 409 282 2.09658 0.433012
266 267 324 1.17745 0.314324
266 324 436 1.04474 0.152818
260 89 357 0.794698 1.32653
335 336 500 0.106404 1.58942
323 525 335 0.0567554 1.51454
336 335 273 0.33553 1.55007
476 190 424 0.208566 2.14278
190 273 260 0.687716 1.64054
273 190 336 0.487447 1.74251
273 335 166 0.376573 1.37542
378 190 102 0.970308 2.24933
89 260 273 0.696331 1.35149
190 378 424 0.410975 2.31544
284 325 482 0.0965552 3.40393
284 482 468 0.0754737 3.26709
298 284 283 0.390555 3.03719
325 284 30 0.241933 3.4384
153 30 13 0.65813 3.78765
284 298 30 0.512631 3.28043
298 283 378 0.517491 2.75526
153 442 30 0.338394 3.88879
424 378 283 0.225712 2.56805
459 442 153 0.193016 4.16683
58 190 260 0.859114 1.68465
459 153 279 0.310346 4.52607
58 264 102 1.50501 1.83283
260 357 58 0.978041 1.45673
102 264 70 1.71552 1.91983
102 298 378 1.05352 2.58542
110 102 70 2.05744 2.0644
70 264 162 1.84876 1.56311
301 93 276 2.33144 3.30484
102 110 276 2.16547 2.44334
264 58 154 1.55499 1.46767
102 276 93 1.95511 2.84156
13 125 153 0.885003 4.05274
13 298 93 1.28823 3.2522
125 13 185 1.26882 3.85754
13 30 298 0.756894 3.34969
246 185 9 2.2585 3.91796
93 185 13 1.57328 3.49496
299 246 68 2.48295 4.35206
246 299 185 2.17071 4.07765
9 185 93 2.09944 3.64533
185 299 125 1.70717 4.1676
298 102 93 1.52783 2.87057
145 153 125 0.919065 4.60112
359 110 70 2.32603 1.7801
102 190 58 1.16842 1.97726
359 70 162 2.13153 1.50601
299 145 125 1.48414 4.60154
377 15 391 2.74962 1.24582
501 400 421 0.104167 0.104167
136 293 120 2.87326 0.284412
409 293 136 2.70482 0.218538
120 293 340 2.89306 0.136095
377 391 136 2.87498 0.926319
51 268 136 3.16639 0.381896
340 474 120 2.96513 0.071763
470 268 51 3.35825 0.22769
51 136 120 3.03462 0.293724
120 444 51 3.12232 0.139518
136 268 377 3.16423 0.71188
377 67 302 3.29378 1.28381
67 377 381 3.40501 1.1804
302 67 4 3.43922 1.42303
302 15 377 2.99527 1.34145
122 67 381 3.57631 1.22571
275 381 377 3.49004 1.1008
300 381 275 3.71512 1.14469
67 122 4 3.59729 1.40786
377 268 275 3.4224 0.894138
302 4 351 3.52583 1.7721
268 285 275 3.60345 0.687189
359 302 110 2.80494 1.63162
61 285 158 3.85908 0.683611
352 285 268 3.67897 0.450644
158 285 352 3.86302 0.505711
300 275 61 3.79766 1.0618
158 6 240 4.13774 0.522995
6 158 352 4.08644 0.386959
240 6 258 4.39194 0.617043
158 240 61 3.94027 0.722889
268 470 352 3.56703 0.253965
61 240 300 3.92448 0.961294
300 243 4 3.93014 1.51104
381 300 122 3.75099 1.25716
243 300 149 4.20675 1.45179
4 243 66 4.00888 1.70293
258 217 149 4.64936 1.20929
182 217 222 4.93777 1.59607
243 149 164 4.36197 1.57723
182 149 217 4.58905 1.47804
182 88 311 4.80973 2.1146
149 300 240 4.13952 1.16708
258 149 240 4.40952 1.02272
4 122 300 3.77198 1.43931
404 258 6 4.71966 0.381087
61 275 285 3.75363 0.810964
426 452 352 3.99599 0.0999199
182 164 149 4.46727 1.62847
5 48 276 2.90835 2.99024
5 110 351 3.25011 2.31676
48 5 197 3.42003 3.03001
48 301 276 2.69471 3.35371
34 197 5 3.64254 2.87409
34 351 81 3.95612 2.5249
181 250 197 3.79339 3.66912
34 5 351 3.62553 2.60793
302 351 110 3.19075 1.91384
48 197 250 3.40897 3.56077
68 216 299 2.52665 4.53912
246 360 68 2.81959 4.37529
68 52 216 2.79428 4.76798
9 301 246 2.61734 3.88517
301 250 360 3.16865 4.11044
301 48 250 3.1139 3.75997
360 52 68 3.00953 4.70761
281 360 250 3.5256 4.37594
250 242 281 3.77334 4.31299
360 246 301 2.86618 4.06809
93 301 9 2.45827 3.61254
281 194 360 3.56419 4.66787
197 34 181 3.91764 3.24709
5 276 110 2.75544 2.54315
66 164 81 4.31745 1.99637
351 4 66 3.81643 1.9474
164 182 81 4.4484 1.92887
81 109 34 4.24633 2.60708
140 109 108 4.77487 2.97082
311 109 81 4.53443 2.44073
108 109 311 4.73622 2.67914
109 140 34 4.35568 2.92417
182 311 81 4.54198 2.16532
34 140 181 4.27614 3.31687
150 75 281 4.06784 4.51357
150 242 327 4.18141 4.16177
75 150 361 4.22778 4.47473
150 281 242 4.0298 4.35482
327 361 150 4.29149 4.19973
181 140 327 4.45788 3.64407
75 361 159 4.41023 4.77236
106 361 327 4.56103 4.16316
140 106 327 4.69773 3.80708
327 242 181 4.21111 3.96218
250 181 242 3.90513 4.05702
382 159 361 4.76585 4.75861
140 36 106 5.03658 3.79985
351 66 81 4.07416 2.18855
243 164 66 4.24373 1.73304
281 75 194 3.84997 4.76368
217 258 244 4.92067 1.11738
409 136 282 2.49044 0.521273
502 401 447 9.94792 0.104167
216 176 299 2.42963 4.87609
103 494 480 0.0501077 5.42822
195 22 279 0.207338 5.04231
103 195 26 0.450196 5.34693
455 353 429 0.156806 6.01099
279 145 26 0.820337 5.09389
279 153 145 0.664144 4.76497
236 379 26 0.997654 5.69825
279 26 195 0.517419 5.1217
407 279 22 0.156459 4.98393
103 26 379 0.673194 5.647
130 173 40 0.462353 6.75593
472 353 173 0.201194 6.4842
40 173 353 0.451392 6.41664
390 412 130 0.418268 7.57094
214 40 379 1.09291 6.29152
379 40 353 0.680881 6.19771
379 353 103 0.480791 5.91224
130 40 54 0.99009 6.8143
379 236 397 1.01719 5.84351
397 214 379 1.21146 6.10424
26 145 99 1.2316 5.43108
446 130 412 0.167768 7.18361
94 99 397 1.29598 5.7663
236 26 94 1.12241 5.56034
94 26 99 1.27644 5.62104
214 397 99 1.46618 6.02556
99 395 56 1.71172 5.85092
99 145 395 1.52332 5.59536
294 395 3 2.1849 6.04622
56 395 214 1.75197 6.05094
395 145 176 1.78678 5.52359
214 99 56 1.63963 6.04569
214 129 54 1.7999 6.60109
129 214 294 1.92286 6.42286
54 129 316 2.06499 6.71972
54 40 214 1.39116 6.56881
316 269 54 2.21003 7.1083
20 316 294 2.41614 6.62735
54 269 362 1.71043 7.46466
262 43 269 2.50113 7.62461
269 316 262 2.50673 7.30541
316 129 294 2.18795 6.5415
214 395 294 1.90486 6.22234
54 362 130 1.07422 7.31582
3 395 176 2.28187 5.7967
397 236 94 1.14195 5.70559
299 176 145 1.90395 5.03081
53 287 269 2.2597 8.15493
251 509 239 0.146486 8.80384
390 239 417 0.392711 8.49858
239 390 42 0.660275 8.49729
248 251 239 0.273224 8.84541
390 191 42 0.871573 8.42487
191 390 362 0.938338 8.13095
191 362 287 1.30822 8.3559
263 355 42 0.946757 9.06025
390 130 362 0.752597 7.6924
248 239 42 0.536513 8.80257
355 434 326 0.447016 9.29068
460 326 434 0.15343 9.16738
248 42 326 0.547732 8.9212
355 475 434 0.501919 9.60247
355 253 229 0.968084 9.58592
355 326 42 0.71458 9.08106
341 229 253 1.09096 9.71797
229 475 355 0.837712 9.76609
263 253 355 1.0179 9.29804
341 174 449 1.36474 9.83808
168 42 191 1.03466 8.63553
504 407 22 0.0391286 5.09344
168 287 318 1.65163 8.74643
287 168 191 1.38748 8.62411
318 287 337 1.93178 8.78068
69 168 318 1.49879 8.91123
337 292 131 2.18817 8.8475
53 337 287 2.14946 8.53806
74 131 85 2.40202 9.09158
337 131 318 2.03378 8.86917
362 269 287 1.75869 8.0662
309 318 131 1.97574 9.00098
174 253 69 1.33786 9.45047
263 168 69 1.26675 8.95915
253 174 341 1.28678 9.65791
69 253 263 1.19186 9.22265
309 74 370 2.15659 9.50484
74 309 131 2.15653 9.22281
473 174 370 1.87907 9.83636
370 174 309 1.88975 9.55876
331 423 74 2.53556 9.7651
309 174 69 1.63485 9.35305
318 309 69 1.72089 9.0773
449 174 473 1.57327 9.89523
85 131 292 2.37562 8.84809
168 263 42 1.06676 8.80578
53 292 337 2.30112 8.56525
423 331 492 2.67462 9.9238
269 43 53 2.46765 7.83527
195 103 480 0.100987 5.33035
3 160 237 2.75444 5.75699
3 176 160 2.6018 5.64392
237 160 386 2.96064 5.60117
3 237 20 2.68071 6.19616
386 194 57 3.37118 5.37133
194 386 52 3.25765 5.19202
386 57 237 3.13903 5.66934
52 386 160 3.04167 5.3012
216 160 176 2.6324 5.21608
237 57 19 3.16642 5.93917
157 321 354 3.02642 6.94128
321 157 20 2.89336 6.79665
157 354 262 2.83463 7.19623
157 262 316 2.64838 7.07862
321 19 310 3.30692 6.48148
19 321 20 3.03021 6.567
310 19 57 3.38555 6.10397
354 321 105 3.35864 6.91397
20 237 19 2.91429 6.31017
105 321 310 3.50229 6.6838
57 117 310 3.69425 6.19695
157 316 20 2.66668 6.81716
33 225 57 4.1192 5.63501
194 75 33 4.02635 5.09097
225 33 312 4.58839 5.55038
57 225 117 4.04137 5.98905
312 226 225 4.70932 5.72046
382 312 159 4.92174 5.0839
114 226 288 5.02786 5.83853
312 33 159 4.65459 5.343
75 159 33 4.42667 5.1385
225 226 342 4.69922 5.95693
178 105 171 3.97878 7.15525
105 310 117 3.83283 6.61656
117 171 105 4.07379 6.913
178 354 105 3.59417 7.08898
342 114 387 4.89075 6.18634
114 342 226 4.85411 6.03871
8 117 387 4.64451 6.47378
32 8 387 5.08878 6.38319
230 117 8 4.68624 6.62962
387 117 342 4.61606 6.33726
117 225 342 4.50046 6.1409
230 171 117 4.46423 6.92315
288 226 312 4.97045 5.59457
194 33 57 3.78509 5.3801
160 216 52 2.86607 5.02918
354 178 218 3.39435 7.37541
43 86 53 2.56755 7.90591
43 262 86 2.60103 7.69525
86 262 41 2.74865 7.71399
53 86 64 2.71723 8.13555
64 41 44 3.1218 8.09736
41 262 354 2.86496 7.48527
186 247 64 3.0935 8.71487
41 64 86 2.85784 8.02839
218 41 354 3.07416 7.55886
53 64 17 2.65614 8.41366
247 74 85 2.68653 9.13321
17 64 85 2.70199 8.62798
74 247 331 2.70914 9.46583
85 292 17 2.49601 8.7452
247 7 295 3.12093 9.29617
305 7 247 3.25986 9.22445
189 331 295 3.04841 9.6578
189 295 7 3.20777 9.52231
189 7 305 3.34669 9.45059
295 331 247 2.96158 9.43166
64 247 85 2.86611 8.7725
189 305 441 3.53356 9.66228
218 44 41 3.2218 7.85655
53 17 292 2.45017 8.53088
186 44 177 3.63902 8.2279
44 186 64 3.25442 8.36121
44 178 177 3.82659 7.78061
95 186 177 3.96779 8.44873
203 347 177 4.51474 7.96814
230 203 171 4.67069 7.26279
375 347 227 4.87938 8.64871
203 177 171 4.36502 7.64658
218 178 44 3.54199 7.67311
95 177 347 4.41373 8.35239
305 383 62 3.9132 9.42083
305 186 383 3.65051 8.99663
206 484 383 4.54464 9.69419
62 441 305 3.81109 9.69316
375 206 383 4.58334 9.3059
375 95 347 4.65231 8.61681
406 18 368 5.11067 9.73029
18 206 375 4.8892 9.53419
18 375 368 5.0452 9.342
375 383 95 4.44991 8.90727
186 95 383 3.95729 8.82911
461 383 484 4.37295 9.72767
203 343 347 4.96213 7.76126
186 305 247 3.3053 8.96969
177 178 171 4.06355 7.54919
331 189 467 3.03919 9.85067
114 32 387 5.12783 6.25416
294 3 20 2.4311 6.33261
360 194 52 3.29731 4.85964
18 406 206 4.95467 9.92248
106 382 361 4.85294 4.4244
452 404 6 4.6062 0.0779272
118 235 244 5.56171 1.17642
118 244 258 5.14118 0.986596
404 118 258 5.03777 0.594907
205 118 297 5.61788 0.725841
59 235 205 5.97978 1.12087
297 328 205 6.00202 0.485268
209 328 297 6.03611 0.316622
235 118 205 5.70205 1.01783
297 118 404 5.37412 0.492741
198 235 59 6.12107 1.35964
313 88 107 5.52799 2.4295
88 182 222 5.10662 1.90682
107 88 222 5.51836 2.13425
88 313 108 5.28645 2.65258
23 107 278 6.08306 2.29442
222 278 107 5.869 2.02089
222 235 278 5.9381 1.71453
107 23 313 5.84189 2.57138
222 244 235 5.60989 1.4863
344 313 23 6.00316 2.74096
235 198 124 6.15107 1.5017
88 108 311 4.97992 2.56511
205 328 59 6.17091 0.679062
408 25 280 7.36192 0.33038
142 59 328 6.54191 0.614884
134 59 142 6.63599 0.90357
430 142 328 6.75654 0.220097
280 142 430 6.93588 0.346567
280 25 134 7.13945 0.67024
142 280 134 6.92175 0.686427
328 104 456 6.52206 0.0638343
233 134 371 7.31296 1.38621
124 278 235 6.19765 1.64975
198 31 124 6.35991 1.46142
278 124 112 6.43957 1.8527
198 59 31 6.32991 1.31936
31 233 112 6.81354 1.73732
233 31 134 6.85683 1.38125
127 23 112 6.63758 2.49364
127 112 233 6.95418 2.20717
231 127 79 7.38207 3.10714
31 112 124 6.54243 1.68547
59 134 31 6.55572 1.18734
112 23 278 6.39408 2.19101
372 127 233 7.34 2.46388
209 413 328 6.2113 0.115628
418 297 404 5.44981 0.200994
344 23 127 6.48784 2.76662
36 358 152 5.58781 3.94346
36 50 358 5.78596 3.68634
36 152 374 5.32446 4.04365
36 374 106 5.13526 4.11567
376 175 358 5.76785 4.03347
358 175 152 5.71094 3.99877
50 63 358 6.04829 3.64651
365 358 63 5.98214 3.97152
36 108 50 5.51635 3.39204
152 175 376 5.67002 4.04779
382 374 12 5.3437 4.38865
12 152 376 5.68346 4.10432
374 152 12 5.46102 4.15549
288 312 382 5.11667 5.16539
12 365 274 5.89956 4.50772
365 12 376 5.81545 4.17221
163 274 365 6.11872 4.6955
12 274 382 5.65024 4.673
376 358 365 5.8471 4.08136
382 274 288 5.50269 5.08419
365 63 163 6.16965 4.25014
382 106 374 5.08833 4.38414
50 344 38 6.22773 3.18555
50 108 313 5.5904 2.9932
38 344 21 6.52525 3.27144
21 63 38 6.48616 3.55842
21 231 47 7.25411 3.57765
21 344 127 6.77541 3.05126
73 47 111 7.49784 3.85673
73 63 21 6.88107 3.74366
127 231 21 7.13929 3.25765
73 21 47 7.29226 3.73032
163 393 101 6.73957 4.86606
393 163 385 7.01565 4.70528
135 101 393 6.82153 5.07535
163 101 274 6.33484 4.95834
37 385 92 7.57652 4.41481
37 393 385 7.37795 4.62873
398 37 116 7.56414 4.85836
398 393 37 7.33512 4.77084
92 385 73 7.56197 4.224
385 163 73 7.10299 4.42427
63 73 163 6.67073 4.17919
135 274 101 6.4168 5.16763
111 47 231 7.45968 3.70406
38 63 50 6.18864 3.47252
313 344 50 5.99322 2.93971
393 398 135 7.05479 5.05668
134 25 371 7.43394 0.950247
217 244 222 5.19636 1.41585
128 259 25 7.79982 0.477179
364 77 286 8.68977 1.52215
330 87 259 8.38997 0.823767
259 371 25 7.81337 0.825422
371 87 77 8.14226 1.24229
87 371 259 8.02068 1.04097
330 77 87 8.51155 1.02509
371 77 254 8.08829 1.36885
425 259 128 8.21736 0.324445
371 254 233 7.68788 1.54118
233 144 372 7.68429 2.09746
233 254 144 7.71668 1.63967
254 77 144 8.11708 1.46733
372 144 188 8.00401 2.427
196 188 367 8.47207 2.46328
367 188 144 8.19164 2.16068
364 367 144 8.44225 1.84403
196 367 364 8.72267 2.14663
77 364 144 8.41309 1.57408
314 372 188 8.03961 2.94117
443 128 349 7.97797 0.173783
127 372 79 7.55377 2.88447
330 155 0 9.10404 1.01705
320 77 0 8.81418 1.22304
425 330 259 8.60021 0.455484
330 451 204 9.44163 0.361002
137 204 432 9.88314 0.63664
204 137 330 9.57638 0.668755
502 447 204 9.90464 0.224721
204 447 432 9.95672 0.433054
349 25 408 7.62504 0.217108
155 330 137 9.34218 0.942093
364 16 196 9.05903 2.31772
286 77 320 8.75533 1.34453
155 286 320 9.03263 1.32207
286 155 364 8.96708 1.49968
155 415 364 9.33765 1.41214
199 155 137 9.64236 1.08904
196 16 170 9.16078 2.9152
415 16 364 9.42586 1.87566
410 471 16 9.81073 2.62824
155 199 415 9.71594 1.19795
320 0 155 9.09148 1.20057
188 196 314 8.38604 2.84727
420 465 402 9.79167 9.79167
0 77 330 8.82674 1.03952
443 425 128 8.26873 0.109409
16 27 223 9.5493 3.06602
29 111 180 7.93966 3.67791
231 79 180 7.74564 3.26799
111 231 180 7.70843 3.54491
111 29 92 7.83207 3.98956
180 314 232 8.19483 3.4019
314 180 79 8.01894 3.16301
232 314 193 8.3684 3.45487
180 232 29 8.15276 3.63988
372 314 79 7.93366 3.03224
29 232 373 8.18034 3.91691
249 116 37 7.82799 4.70538
249 92 373 8.0294 4.24559
116 249 184 8.05682 4.69758
37 92 249 7.79755 4.40394
46 184 249 8.22771 4.38169
46 373 232 8.29983 3.98922
184 55 116 8.13787 4.88331
303 55 184 8.33216 4.72836
184 46 317 8.39436 4.37928
46 249 373 8.23073 4.23114
92 29 373 8.01031 4.06378
116 55 271 8.05285 5.15911
232 388 46 8.47195 3.82596
92 73 111 7.639 4.00923
193 170 388 8.83419 3.53261
193 196 170 8.89564 3.19417
388 170 291 9.05796 3.76296
46 388 291 8.80685 3.9445
291 223 290 9.44413 3.80025
223 291 170 9.27652 3.76727
223 170 16 9.31789 3.25795
291 290 119 9.53229 4.05317
314 196 193 8.56711 3.06542
291 369 46 8.78411 4.24045
303 317 24 8.5476 4.53627
303 184 317 8.41776 4.54021
24 317 369 8.60741 4.48786
303 24 265 8.64073 4.60573
119 405 272 9.69868 4.56886
119 272 291 9.46804 4.26892
369 265 24 8.70053 4.55732
369 291 265 8.94346 4.41701
265 165 55 8.62868 5.09799
317 46 369 8.54675 4.36143
272 265 291 9.21472 4.37168
303 265 55 8.5607 4.77454
290 27 445 9.83278 3.28084
232 193 388 8.55177 3.58174
27 290 223 9.62306 3.44065
272 405 265 9.44536 4.67162
290 427 119 9.76293 3.93645
25 349 128 7.76876 0.326517
209 435 413 6.00701 0.0644532
116 315 398 7.51995 5.12592
212 32 114 5.32285 6.05331
212 288 45 5.54955 5.60868
32 212 238 5.58287 5.99771
8 32 230 5.1305 6.53903
123 238 234 5.91795 5.89273
45 238 212 5.70333 5.76075
139 384 123 6.00502 6.17635
238 123 32 5.69936 6.05604
274 45 288 5.72244 5.36978
32 123 384 5.69814 6.20405
230 224 14 5.39753 7.03403
230 32 224 5.38312 6.69176
14 224 138 5.65441 7.0676
230 14 343 5.32811 7.19961
179 138 224 5.79191 6.94538
76 179 384 6.06593 6.66756
113 14 138 5.71283 7.20062
179 224 384 5.7914 6.73379
32 384 224 5.6395 6.51374
179 113 138 5.85032 7.0784
234 238 45 5.93577 5.74403
114 288 212 5.25952 5.78532
234 135 289 6.5234 5.5865
234 45 274 6.00436 5.47446
289 135 315 6.92628 5.4494
139 234 289 6.44494 5.84093
148 315 202 7.4009 5.59664
315 148 289 7.11008 5.64018
315 116 202 7.62455 5.29773
10 148 319 7.43847 6.39432
135 234 274 6.26924 5.4293
139 289 148 6.79549 5.91289
179 76 270 6.2191 6.881
384 139 76 6.22091 6.41981
139 148 76 6.70081 6.29639
270 76 100 6.4563 6.91644
10 211 345 7.2761 6.9889
319 211 10 7.5467 6.73362
270 100 220 6.43388 7.18366
345 100 10 6.98782 6.99644
211 210 345 7.12969 7.28848
10 100 76 6.8503 6.79922
148 10 76 7.03034 6.45237
270 113 179 6.00299 7.08024
146 211 363 7.81285 7.4455
139 123 234 6.13438 5.98096
398 315 135 7.11249 5.23405
345 221 100 6.75664 7.27184
14 90 343 5.56245 7.36364
90 14 113 5.69028 7.33108
90 113 192 5.84337 7.38369
343 90 187 5.66312 7.5664
219 187 192 5.99812 7.77663
192 187 90 5.85604 7.57428
241 192 220 6.23617 7.61755
219 192 241 6.14934 7.77161
270 192 113 6.01858 7.25507
187 161 347 5.41139 8.22137
227 35 368 5.33838 9.09973
35 227 161 5.45873 8.81111
368 35 348 5.70511 9.4147
227 368 375 5.11088 8.98583
350 35 161 5.87412 9.07147
227 347 161 5.18455 8.52271
219 172 161 6.28063 8.47398
35 350 348 6.05814 9.50051
187 219 161 5.90157 8.11405
350 479 348 6.41694 9.77491
219 241 172 6.47599 8.28168
343 187 347 5.31501 7.87606
220 221 200 6.61632 7.54043
192 270 220 6.21228 7.32305
200 221 60 6.75294 7.55792
200 339 241 6.76283 7.94096
200 210 339 6.98653 7.82882
60 221 345 6.80028 7.45625
146 210 211 7.34991 7.46974
210 200 60 6.83772 7.58209
345 210 60 6.88505 7.48043
146 356 210 7.34994 7.76763
201 454 350 6.75889 9.58612
201 350 172 6.79679 9.24449
201 213 411 7.25298 9.43897
167 479 350 6.55586 9.85478
213 339 147 7.44513 8.75219
356 339 210 7.25521 7.92058
172 213 201 7.08254 9.09735
213 172 339 7.17133 8.81142
339 356 338 7.48133 8.12846
350 161 172 6.37499 9.00424
339 172 241 6.84825 8.39184
411 213 346 7.49573 9.52818
356 146 96 7.68743 7.94909
241 220 200 6.4774 7.67675
100 221 220 6.59669 7.34185
368 348 428 5.95974 9.6891
202 143 148 7.66364 5.70394
343 203 230 5.07589 7.28756
148 143 319 7.68627 6.07292
143 202 271 7.90398 5.49532
133 143 165 8.48744 5.70455
319 143 169 8.10615 6.15986
169 80 84 8.6463 6.49938
245 169 143 8.4031 5.96242
133 245 143 8.45598 5.82601
245 80 169 8.70334 6.2251
271 55 143 8.14427 5.35626
319 169 306 8.06229 6.49756
306 329 392 8.15137 6.81798
329 306 84 8.22558 6.7843
392 329 363 8.26396 7.07701
363 211 392 8.02895 7.11947
329 334 363 8.41398 7.13374
334 329 84 8.42761 6.9041
80 334 84 8.69967 6.76818
208 363 334 8.58084 7.46648
306 169 84 8.30221 6.5744
211 306 392 7.91636 6.86045
245 133 80 8.75622 6.08869
363 96 146 7.96297 7.80687
132 151 78 9.6282 6.22272
151 132 165 9.26697 5.97846
78 466 132 9.68693 6.51749
132 80 133 8.99907 6.21881
141 510 151 9.89383 6.02107
165 265 405 9.18228 5.08881
462 151 165 9.49842 5.73689
151 380 78 9.84294 6.18
405 462 165 9.55715 5.40665
380 440 78 9.90167 6.26643
396 261 82 9.29985 7.55715
261 80 132 9.20274 6.6953
334 261 208 8.87346 7.39852
261 334 80 8.97866 6.92986
252 207 82 9.51111 7.43066
207 252 261 9.44924 7.32143
82 277 28 9.56051 7.63935
277 82 207 9.66708 7.4945
78 440 466 9.91838 6.48425
252 82 261 9.36093 7.42383
132 207 261 9.41404 6.96822
488 28 277 9.75099 7.71187
277 207 422 9.85756 7.46286
165 132 133 8.86969 5.92748
55 165 143 8.38986 5.43447
28 396 82 9.34346 7.70883
338 96 147 7.81783 8.35105
356 96 338 7.72729 8.05116
147 96 97 8.0195 8.41493
147 366 213 7.61803 9.02913
97 389 83 8.44793 8.56675
72 389 97 8.59477 8.33587
39 83 98 8.61395 9.01174
97 83 147 8.16123 8.6351
97 96 208 8.3308 8.10743
147 83 115 8.14047 8.903
346 366 71 7.76571 9.2921
346 213 366 7.58559 9.24516
71 366 394 7.83454 9.23211
346 71 394 7.81559 9.33031
39 433 115 8.30997 9.47115
39 115 83 8.40629 9.05406
256 394 115 7.97913 9.34729
394 256 346 7.81759 9.44152
416 39 215 8.76938 9.58564
115 394 366 7.96207 9.19313
366 147 115 7.92568 9.03708
256 411 346 7.67784 9.68632
83 389 11 8.61178 8.69252
339 338 147 7.57187 8.42835
49 389 72 8.92332 8.32429
72 208 396 8.94215 7.91343
389 49 11 8.88889 8.55109
72 97 208 8.61937 8.09671
28 49 396 9.28237 7.95198
28 463 49 9.53969 8.05722
11 49 308 9.04309 8.72432
396 49 72 9.10926 8.06326
208 261 396 9.07165 7.65048
308 49 333 9.35462 8.65686
255 416 215 8.90801 9.76413
215 98 308 8.96791 9.2181
255 215 2 9.20926 9.48114
215 39 98 8.79283 9.26427
333 2 308 9.49077 8.93241
308 98 11 8.90144 8.96148
2 465 420 9.67625 9.50868
2 322 465 9.8032 9.20838
439 333 463 9.89526 8.4697
2 215 308 9.24571 9.25648
322 2 333 9.69846 8.92807
256 433 411 7.81526 9.87115
49 463 333 9.64369 8.32783
11 98 83 8.66183 8.84036
363 208 96 8.36594 7.81142
416 433 39 8.49418 9.7502
440 380 521 9.98329 6.21447
211 319 306 7.75065 6.74993
116 271 202 7.81256 5.29817
434 475 403 0.208333 9.79167
406 368 428 5.53602 9.77433
140 108 36 5.054 3.41921
283 493 424 0.023302 2.70789
119 453 405 9.87844 4.5794
408 280 430 7.15446 0.177645
409 448 293 2.68835 0.0643323
415 410 16 9.81073 2.10741
411 454 201 7.11984 9.72597
412 390 417 0.2505 8.09566
413 104 328 6.4179 0.0638343
414 266 436 1.14439 0.0385613
199 507 415 9.99342 1.19468
255 437 416 8.94532 9.92869
509 417 239 0.142211 8.76229
297 418 209 5.72766 0.265447
419 307 438 0.625559 0.0882474
2 420 255 9.35073 9.6457
421 91 228 0.3585 0.177314
466 422 207 9.89783 7.2209
74 423 370 2.35424 9.78244
190 476 336 0.258321 1.88603
451 330 425 9.06824 0.240448
352 470 426 3.68349 0.0999199
445 427 290 9.88449 3.52371
479 428 348 6.36122 9.91476
472 429 353 0.156806 6.32349
456 430 328 6.66262 0.0511746
121 457 431 1.70593 0.0659459
458 137 432 9.92642 0.828587
433 256 115 8.04772 9.5921
248 326 460 0.280168 9.02666
209 418 435 5.79868 0.0644532
307 419 436 0.781809 0.0882474
255 420 437 9.15365 9.92869
91 464 438 0.414754 0.00663248
333 439 322 9.81388 8.7944
510 141 487 9.95257 6.00334
62 486 441 3.97544 9.95775
442 325 30 0.16646 3.6088
349 469 443 7.93841 0.0643738
474 444 120 3.03303 0.0658735
27 471 445 9.94828 2.98629
130 446 173 0.212156 6.92766
502 204 296 9.81353 0.138333
293 448 340 2.82878 0.0702218
341 449 229 1.16892 9.89814
514 450 335 0.0566491 1.37742
451 296 204 9.65728 0.138333
352 452 6 4.22718 0.177847
119 427 453 9.87844 4.16273
454 167 350 6.66003 9.85478
353 455 103 0.206914 5.76213
104 505 456 6.50007 0.0126597
126 457 121 1.60284 0.159967
458 483 137 9.92642 0.984837
279 407 459 0.11733 4.73424
460 485 248 0.126738 8.97386
461 62 383 4.18172 9.68542
151 462 141 9.89383 5.86482
488 463 28 9.79126 7.88658
91 489 464 0.375692 0.00663248
322 490 465 9.91862 9.17887
466 207 132 9.66638 6.83748
189 491 467 3.28124 9.92687
468 283 284 0.0987756 3.05832
349 408 469 7.73008 0.0643738
51 444 470 3.26638 0.0736447
16 471 27 9.75901 2.80204
173 496 472 0.044388 6.67113
370 497 473 2.07662 9.94114
340 512 474 2.93991 0.00588953
229 499 475 0.856626 9.95528
513 500 336 0.0497553 1.67033
399 477 332 0.148774 0.676244
296 451 478 9.59639 0.0177795
167 516 479 6.63035 9.99464
480 504 195 0.0508797 5.21463
104 413 481 6.36986 0.0126597
325 518 482 0.0210815 3.49622
137 483 199 9.91984 1.05973
206 508 484 4.80711 9.96652
248 485 251 0.131013 8.91125
62 461 486 4.18377 9.95775
141 462 487 9.95257 5.84709
277 511 488 9.95972 7.68987
91 421 489 0.34965 0.00663248
322 439 490 9.91862 8.97053
189 441 491 3.48958 9.92687
331 467 492 2.88295 9.9238
283 468 493 0.023302 2.91622
103 455 494 0.0501077 5.53239
156 450 495 0.0719545 1.06384
173 446 496 0.044388 6.77529
370 423 497 2.28496 9.94114
340 448 498 2.87481 0.00588953
229 449 499 1.06496 9.95528
527 335 500 0.0566491 1.53041
332 477 501 0.068297 0.487475
296 515 502 9.77869 0.0177795
167 454 503 6.76056 9.99464
195 504 22 0.0900082 5.15182
104 517 505 6.461 0.0126597
325 442 506 0.0210815 3.62642
199 519 507 9.99342 1.15562
206 406 508 4.91127 9.96652
251 520 509 0.00427458 8.85665
510 380 151 9.92455 6.102
277 422 511 9.95972 7.5857
340 498 512 2.91387 0.00588953
336 476 513 0.0497553 1.7745
522 514 335 0.0566491 1.45554
296 478 515 9.7266 0.0177795
167 523 516 6.66941 9.99464
104 481 517 6.43496 0.0126597
325 506 518 0.0210815 3.5483
199 483 519 9.99342 1.12958
251 524 520 0.00427458 8.87618
380 510 521 9.98329 6.16239
525 522 335 0.0566491 1.49461
167 503 523 6.69545 9.99464
251 485 524 0.00427458 8.88921
323 526 525 0.000106252 1.53686
323 530 526 0.000106252 1.54378
335 527 323 0.0567554 1.52431
323 527 528 0.000106252 1.54826
323 528 529 0.000106252 1.54581
323 529 530 0.000106252 1.54459
