349
0.608326 1.13414
0.630261 1.5625
1.98092 0.809348
1.88305 2.13455
1.02516 2.18505
0.831218 1.92053
0 1.5625
0.411205 0.625
0 0.625
1.98504 0.796265
1.84981 0.497435
0.625 0.325196
2.65625 0.0410933
2.65625 0
1.875 0.301271
1.875 0
2.65465 0.726727
2.72732 0.149888
0.625 0
0.341618 1.95312
0.0159111 2.05078
0.00378929 2.08008
0.0242382 2.09961
0.146686 2.14844
0.97446 2.24756
0 1.95313
0 0
2.69806 0.73538
3.23712 0.363818
2.96875 0.0617452
2.01579 2.22969
3.43427 1.51754
2.96875 0
0.905245 2.34375
0.677171 2.8125
0.671428 3.09294
1.59372 3.57661
2.43449 3.08396
3.5326 1.52395
3.57248 1.35208
3.33451 0.346492
4.0625 0.181274
4.0625 0
4.6875 0.0412727
4.6875 0
5.15625 0.0952033
5.15625 0
4.89455 0.605545
3.98881 0.415113
4.02171 0.475864
4.90619 0.837005
0.0643265 4.53125
0 4.53125
0.256258 4.13178
0.254655 4.12882
0.152516 4.0625
0 4.0625
0.738174 3.70159
0.63722 3.30837
0.199992 3.67491
0.501725 4.34273
1.14474 4.71915
1.21931 4.68411
1.24298 4.66007
1.22849 4.26076
0.662826 3.11247
0.124328 3.28125
0.00369951 3.59375
0.142466 4.61815
0.0693928 5.3125
0 5.3125
0.576699 5.08102
0.231191 4.84375
0 4.84375
0.784561 5.08811
2.30087 4.64111
2.55513 4.3449
2.55149 3.17247
3.1357 3.1357
4.05383 2.36797
3.86384 1.76661
0 3.28125
0 2.8125
1.6289 5.51297
2.42508 5.12151
0 3.59375
4.96267 0.924197
4.94938 0.970839
3.4375 0.27601
3.4375 0
5.80991 0.68735
5.46875 0.0722251
4.19867 2.43795
4.94926 2.27082
5.15559 2.18158
5.17419 2.0935
5.03885 1.19074
5.9375 0.683648
6.17273 0.78303
6.21642 1.63425
5.83865 1.66719
5.5908 2.4813
6.0829 2.53035
6.55937 2.31983
6.58219 2.21253
5.08082 2.88891
5.2618 3.02293
5.37799 2.91273
3.63397 3.63397
4.47059 3.0242
4.5 3.13397
4 3.26795
0 2.14844
0 2.34375
5.25 3.06699
5 3
2.64758 5.63033
3.13397 5.5
3.13397 4.5
3 5
3.26795 4
5.96157 2.91138
5.98994 2.87031
5.63393 3.13416
6.20286 3.43111
6.18301 3.45096
5.875 3.23446
6 3.26795
5.625 3.16747
9.17177 3.46144
9.33758 3.125
8.41137 3.88949
7.75107 2.97543
8.03832 2.53468
8.69796 2.55567
9.3316 3.10555
10 3.125
9.84353 4.37244
9.85768 4.375
10 4.375
8.32863 4.08371
8.713 4.92744
9.14133 4.96684
1.875 9.98126
1.875 10
2.09924 9.42522
2.13625 9.39493
3.125 9.56456
3.125 10
1.93187 9.37228
0.88337 9.15278
0.731144 9.27686
0.729387 9.29018
0.719442 9.55505
2.16923 8.09109
1.75411 7.92573
1.24093 8.34795
1.18545 8.50335
6.09375 9.82714
6.09375 10
6.18376 9.71228
6.87146 9.78467
6.875 9.79177
6.875 10
6.08026 9.55254
5.75417 9.60219
5.84419 9.87027
6.86644 9.56999
6.42681 8.5227
6.06467 8.67591
9.42639 8.54082
9.63197 8.4375
9.25807 8.55438
8.91171 8.24273
8.79128 7.5129
8.88727 7.4383
9.50468 7.4688
9.89704 7.8125
9.83063 8.90625
10 8.90625
10 8.4375
9.13766 9.4588
9.375 9.70466
9.42572 9.6875
9.85904 9.21875
9.375 0.0439541
8.46866 1.03896
9.71495 0.3125
9.75934 0.9375
9.20401 1.43164
8.93688 1.36471
8.125 0.403825
8.125 0
8.36419 0.972626
8.4195 1.03236
9.375 0
10 0.3125
10 0
0.202324 5.9375
0 5.9375
0.788258 6.1614
0.947492 6.46698
0.850718 6.84013
0.77566 6.875
0 6.875
1.72456 6.08993
1.58214 7.56836
2.56505 6.36398
2.55421 6.33079
2.44545 6.12636
0.175543 8.09332
0.119001 8.125
0 8.125
3.13283 7.0353
3.32641 6.12456
3.47653 6.34046
3.24103 7.00877
2.76767 7.97868
3.35946 6.09151
3.26795 6
0.6605 9.70175
0.625 9.84375
0.625 10
0.146304 9.41406
0.0310272 9.47266
0.0076799 9.51172
0.0830709 9.60937
0.43239 9.0625
0 9.0625
0 9.41406
3.16402 9.52498
3.08913 8.58939
2.81571 8.01479
3.692 9.43049
3.66164 8.70159
4.375 9.70805
4.375 10
3.86627 9.43641
5.3125 9.74248
5.3125 10
5.78125 9.93208
5.78125 10
5.19621 9.37296
3.36091 7.00512
4.18976 7.30873
4.30753 7.9353
4.1187 8.0885
3.54247 6.27452
3.81699 6.54904
4.46666 6.99044
4.5 6.86603
4 6.73205
5.61368 7.29028
5.5 6.86603
5.37893 7.45625
5 7
4.97984 8.1075
8.125 9.61533
8.125 10
8.17261 9.50623
9.375 10
8.01422 8.86598
7.97605 8.95947
5.46875 0
5.9375 0
6.875 0.182069
6.875 0
6.66808 0.600718
0 9.47266
4.0559 8.52482
4.11456 8.68959
5.07422 9.18374
5.33335 8.75738
6.50651 7.51993
6.55306 7.58696
6.65336 7.91111
6.51957 8.39951
7.0291 3.01531
6.95141 3.23612
7.85995 1.77235
7.09218 1.84741
7.0225 0.908076
6.95208 3.41395
6.54904 3.81699
7.35088 4.28343
7.72508 4.27558
7.56572 4.30955
7.13533 4.42784
6.86603 4.5
6.73205 4
9.91358 5.625
10 5.625
9.7331 5.65823
9.52795 5.94482
9.87946 6.5625
10 6.5625
9.01494 6.20541
9.08887 6.85385
9.75147 6.71907
8.49856 5.28363
8.54583 5.96472
10 0.9375
9.68155 1.875
10 1.875
7.17099 5.31376
6.93301 5.25
7.21824 5.28677
7 5
7.56654 5.29903
7.61485 5.27439
9.90963 7.1875
10 7.1875
7.97218 5.29203
7.88214 5.30918
7.7776 6.25379
7.75089 6.25902
7.50237 6.1363
8.09314 6.25378
7.04709 5.81646
7.10069 5.90435
7.39087 6.12478
10 9.21875
10 9.6875
10 10
6.4072 6.4072
6.36603 6.36603
6.79904 5.75
6.73205 6
6.61268 6.76997
6 6.73205
6.77465 6.6944
7.5287 6.79816
7.59753 6.74766
7.34028 7.1602
7.67091 7.93494
8.06996 7.58813
7.93568 7.44583
7.69225 6.85888
7.69973 8.94723
8.35955 7.00492
8.63478 7.47358
10 7.8125
0 9.60938
0 9.84375
0 10
0 2.05078
0 9.51172
0 2.08008
0 2.09961
516
347 348
348 22
345 347
347 21
346 225
344 343
222 344
343 342
311 341
180 341
341 177
176 310
174 340
297 175
335 340
163 258
262 338
162 257
276 338
321 179
338 167
336 333
334 335
331 333
331 332
330 331
330 320
328 330
329 253
325 329
328 324
326 327
318 326
324 319
325 324
323 260
275 334
322 323
321 184
319 320
304 318
317 300
314 317
316 308
315 316
314 315
313 314
312 299
285 312
139 291
192 266
303 136
310 298
309 286
306 308
288 307
306 287
305 304
194 279
193 281
265 191
263 46
340 339
135 302
190 134
302 303
336 337
189 302
301 188
300 296
299 300
141 299
292 142
297 298
296 297
143 145
140 141
283 282
131 140
29 17
121 126
133 134
92 109
251 250
102 122
106 107
7 8
216 213
129 137
34 35
126 128
104 99
102 103
217 213
100 96
327 325
277 132
101 102
99 100
142 137
185 195
268 346
97 98
90 97
138 290
94 101
76 77
95 96
93 94
79 80
39 40
145 146
345 20
113 112
92 93
132 133
136 130
79 92
138 139
158 160
110 115
90 91
49 50
111 108
87 80
50 86
309 313
6 25
56 85
311 310
220 221
89 32
117 116
270 271
85 67
83 84
82 81
72 73
34 82
240 166
148 144
81 66
31 27
223 229
116 84
230 233
128 123
78 79
77 78
335 336
255 253
207 208
292 293
107 101
71 74
75 76
269 270
33 34
223 224
168 169
127 125
334 261
195 197
259 181
52 51
119 117
70 69
28 29
304 306
76 118
153 143
74 61
5 19
94 95
62 83
24 33
108 78
21 22
63 75
2 3
14 15
68 72
110 111
113 82
226 220
118 120
161 167
33 113
9 10
80 38
243 244
47 43
53 54
262 259
26 18
89 42
60 61
114 128
19 20
140 285
15 18
91 45
131 132
64 36
313 312
54 57
53 60
3 30
294 295
93 105
13 32
129 131
13 12
97 264
30 31
0 7
281 280
25 19
3 4
1 0
228 227
291 290
50 47
342 226
22 23
197 196
2 9
103 104
176 177
115 114
122 121
271 242
0 2
6 1
69 71
118 119
59 55
24 4
55 56
32 29
280 104
68 60
155 156
65 66
160 164
303 301
98 99
202 203
46 45
109 105
126 127
45 47
40 88
139 136
233 234
337 332
11 7
8 26
8 6
51 68
73 70
17 12
164 165
88 89
14 10
186 185
41 48
191 193
84 75
16 17
203 210
36 37
35 36
20 21
31 38
166 158
295 291
9 16
54 55
231 232
96 87
44 46
86 87
67 59
154 155
153 220
235 237
320 316
86 90
196 187
290 292
41 43
124 122
43 44
44 42
39 49
48 49
51 53
248 247
249 244
56 52
175 176
308 309
187 188
42 41
58 59
322 321
278 124
199 198
196 301
254 249
64 57
203 204
73 52
63 64
161 162
242 238
81 85
273 328
62 63
58 65
123 107
105 106
121 123
5 1
157 149
112 348
307 305
152 223
48 88
38 39
337 339
266 265
35 65
66 67
165 242
146 147
147 148
279 280
149 150
171 170
150 151
151 152
152 153
146 154
156 157
15 13
159 158
205 83
148 236
160 161
120 108
162 163
163 159
165 166
167 168
169 164
339 317
170 172
70 199
240 241
172 173
181 182
227 151
264 263
173 174
174 175
177 171
179 178
295 311
112 23
178 170
77 37
71 72
171 180
326 305
180 179
4 5
201 202
285 286
172 181
209 205
252 273
184 178
333 274
185 187
188 189
114 106
273 274
189 190
245 246
154 217
190 186
221 343
261 262
192 191
257 259
10 11
193 194
204 212
250 255
18 11
194 186
211 227
243 248
195 192
40 28
198 200
200 201
117 219
204 199
69 198
201 205
23 24
248 251
206 207
208 209
267 98
125 124
210 156
134 135
155 206
116 209
16 27
144 143
212 211
211 210
213 207
125 283
208 214
332 315
237 270
214 215
215 216
225 226
219 218
221 222
222 144
224 225
298 294
37 30
229 228
182 183
250 249
264 266
25 345
150 157
147 230
232 217
274 275
234 231
236 235
237 233
239 238
318 319
238 240
241 239
241 159
103 277
218 214
212 228
275 276
130 129
109 110
244 245
141 142
246 232
247 215
253 252
100 95
137 138
252 254
245 256
216 243
256 254
260 258
57 58
173 261
61 62
263 91
12 14
265 267
246 269
268 224
258 257
229 268
269 234
272 256
183 184
182 260
276 168
169 272
271 235
183 322
218 247
236 239
277 278
133 279
342 346
202 206
267 281
282 278
135 130
230 231
284 282
286 284
145 149
288 287
287 284
283 289
289 288
293 294
27 28
200 74
271 272
293 296
167
1 0 2 3 4 5 1.34529 1.52362
8 7 0 1 6 0.284151 1.12526
11 10 9 2 0 7 1.11023 0.703166
13 12 14 15 2.16667 0.102068
17 16 9 10 14 12 2.31306 0.44919
15 14 10 11 18 1.29153 0.208566
24 23 22 21 20 19 5 4 0.563922 2.07959
6 1 5 19 25 0.363762 1.7623
18 11 7 8 26 0.290939 0.293502
29 28 27 16 17 2.89624 0.372842
31 30 3 2 9 16 27 2.49154 1.42023
32 29 17 12 13 2.80341 0.0553257
30 37 36 35 34 33 24 4 3 1.51802 2.81377
40 39 38 31 27 28 3.21161 0.902835
44 43 41 42 4.30947 0.0629762
46 45 47 43 44 4.92083 0.20471
50 49 48 41 43 47 4.48665 0.406617
56 55 54 53 51 52 0.0925384 4.25677
59 58 57 54 55 0.434615 3.72996
64 63 62 61 60 53 54 57 0.814875 4.21888
67 66 65 58 59 0.322091 3.38873
35 36 64 57 58 65 1.08126 3.64399
68 51 53 60 0.263645 4.37996
73 72 71 69 70 0.20571 5.06133
52 51 68 72 73 0.0879633 4.71182
60 61 74 71 72 68 0.611896 4.73462
77 76 75 63 64 36 37 1.97755 4.00473
31 38 80 79 78 77 37 30 3.06722 2.36675
82 34 35 65 66 81 0.309853 3.01548
84 83 62 63 75 1.84048 4.98675
85 67 59 55 56 0.0862882 3.83705
80 38 39 49 50 86 87 4.16941 1.10041
89 88 40 28 29 32 3.24141 0.147469
88 48 49 39 40 3.64587 0.682382
45 91 90 86 50 47 5.30253 0.510763
42 41 48 88 89 3.76156 0.173214
96 95 94 93 92 79 80 87 4.57887 1.81073
96 87 86 90 97 98 99 100 5.69662 1.14805
100 99 104 103 102 101 94 95 5.91245 2.11218
107 106 105 93 94 101 5.24258 2.57645
108 78 79 92 109 110 111 3.84865 3.00153
112 23 24 33 113 0.417254 2.26276
113 33 34 82 0.398344 2.56686
93 105 109 92 4.67142 2.64509
115 110 109 105 106 114 4.85394 3.00568
117 116 84 75 76 118 119 2.73827 4.95606
120 118 76 77 78 108 2.97013 3.76042
122 121 123 107 101 102 5.72869 2.77459
127 126 121 122 124 125 6.02454 3.16951
128 123 121 126 5.81301 3.10131
130 129 131 132 133 134 135 8.52648 3.13256
139 138 137 129 130 136 9.68355 3.62949
142 141 140 131 129 137 9.0423 4.25396
114 106 107 123 128 5.42804 3.04967
144 143 145 146 147 148 2.52195 9.74418
153 152 151 150 149 145 143 1.40877 9.52835
157 156 155 154 146 145 149 1.78747 8.60157
159 158 160 161 162 163 6.47322 9.87442
166 165 164 160 158 5.9664 9.7058
169 168 167 161 160 164 6.40906 9.23182
171 170 172 173 174 175 176 177 9.31377 7.95
179 178 170 171 180 9.78667 8.6383
184 183 182 181 172 170 178 9.46886 9.11223
186 185 187 188 189 190 9.21663 0.798631
195 185 186 194 193 191 192 8.61912 0.373211
196 187 185 195 197 9.74825 0.135897
199 198 200 201 202 203 204 0.417023 6.45266
69 71 74 200 198 0.487793 5.58693
61 62 83 205 201 200 74 1.18617 5.63397
205 209 208 207 206 202 201 1.671 6.69295
155 156 210 203 202 206 0.970656 7.71144
209 205 83 84 116 2.1498 5.68563
204 203 210 211 212 0.267796 7.36206
213 207 208 214 215 216 3.08102 6.51992
217 154 155 206 207 213 2.40052 7.3507
218 214 208 209 116 117 219 2.87833 5.93399
222 221 220 153 143 144 1.07583 9.84936
226 225 224 223 152 153 220 0.426259 9.50518
70 69 198 199 0.0733487 5.67596
228 227 151 152 223 229 0.287551 9.23011
211 210 156 157 150 151 227 0.669167 8.62272
150 157 149 1.33356 9.00947
217 232 231 230 147 146 154 2.6257 8.80319
234 233 230 231 3.39009 9.05746
148 147 230 233 237 235 236 3.71773 9.75023
239 238 240 241 5.50136 9.90943
242 165 166 240 238 5.52768 9.66644
241 240 166 158 159 5.95242 9.92739
212 211 227 228 0.152691 8.68256
216 243 244 245 246 232 217 213 3.55899 7.61019
248 243 216 215 247 3.51587 6.64064
250 249 244 243 248 251 3.9553 6.95407
253 252 254 249 250 255 5.14969 7.12313
256 245 244 249 254 4.71953 7.56846
258 257 259 181 182 260 8.73848 9.74938
262 261 173 172 181 259 8.67296 8.96126
264 97 90 91 263 5.76125 0.276277
266 265 267 98 97 264 6.35442 0.335375
229 223 224 268 0.0505776 9.43701
232 246 269 234 231 3.50427 8.32803
256 272 271 270 269 246 245 4.67664 8.52317
270 237 233 234 269 3.85644 8.95823
272 256 254 252 273 274 275 276 168 169 5.83388 8.04207
235 237 270 271 4.38227 9.22286
169 164 165 242 271 272 5.65426 9.13374
247 215 214 218 3.43544 6.21881
236 235 271 242 238 239 4.88423 9.69761
95 96 100 5.35056 1.65047
102 103 277 278 124 122 6.47262 2.90548
280 279 133 132 277 103 104 7.3536 2.39491
104 99 98 267 281 280 6.63115 1.36189
125 124 278 282 283 6.59994 3.49616
284 282 278 277 132 131 140 285 286 7.62022 3.63829
289 283 282 284 287 288 6.96008 3.99955
295 294 293 292 290 291 9.82725 6.04596
298 297 296 293 294 9.40648 6.43471
300 299 141 142 292 293 296 9.03022 5.56875
303 302 189 188 301 9.7103 1.42163
135 134 190 189 302 9.17439 2.18898
281 267 265 191 193 7.48704 0.61298
134 133 279 194 186 190 8.40962 1.85172
307 288 287 306 304 305 7.06158 4.86893
286 309 308 306 287 284 7.38601 4.80026
311 310 298 294 295 9.90777 6.8456
142 137 138 290 292 9.63177 5.04205
301 188 187 196 9.86826 0.616204
281 193 194 279 280 7.60547 1.33042
136 130 135 302 303 9.74137 2.57453
192 191 265 266 7.57885 0.153468
291 290 138 139 9.94167 4.94909
141 299 312 285 140 8.20943 4.72471
313 309 286 285 312 7.73113 4.85492
308 309 313 314 315 316 7.68596 5.74002
300 317 314 313 312 299 8.15735 5.75048
316 320 319 318 304 306 308 7.33108 5.67793
322 183 184 321 9.79931 9.50046
260 182 183 322 323 9.68816 9.84409
327 326 318 319 324 325 6.7787 6.02778
305 304 318 326 6.98709 5.53429
329 325 324 328 273 252 253 6.13789 7.00529
320 330 328 324 319 6.87496 6.32621
315 332 331 330 320 316 7.34612 6.49292
333 274 273 328 330 331 6.93621 7.06549
336 335 334 275 274 333 7.29583 7.60886
337 336 333 331 332 7.62796 7.10084
338 167 168 276 6.98077 8.9563
262 259 257 162 161 167 338 7.57447 9.40869
262 338 276 275 334 261 7.29728 8.37303
163 162 257 258 7.562 9.8474
314 317 339 337 332 315 7.95929 6.62798
340 335 336 337 339 8.15308 7.23769
296 297 175 174 340 339 317 300 8.64754 6.67747
310 176 175 297 298 9.40922 7.12101
335 340 174 173 261 334 8.30556 8.08527
180 171 177 341 9.86982 8.18362
341 177 176 310 311 9.82955 7.49521
342 226 220 221 343 0.294608 9.7435
343 221 222 344 0.3125 9.92188
263 91 45 46 5.30535 0.0421199
321 184 178 179 9.9222 9.05773
81 66 67 85 0.0414783 3.38843
25 19 20 345 0.114109 1.98713
346 225 226 342 0.0279069 9.57407
268 224 225 346 0.0108503 9.48826
345 20 21 347 0.00554667 2.06243
348 22 23 112 0.0500409 2.12985
347 21 22 348 0.00825015 2.09222
