0
423
85 177
175 85
167 174
85 176
174 172
147 168
167 8
159 167
79 73
19 1
1 15
172 146
96 152
100 64
46 52
25 31
108 15
112 39
109 86
98 114
70 43
94 62
1 79
166 155
165 21
77 130
43 17
115 123
43 9
146 18
61 106
136 121
75 22
56 146
60 108
57 90
118 22
119 28
156 119
99 63
68 25
57 55
25 29
28 156
8 56
70 23
70 90
105 47
130 87
51 31
86 70
94 14
90 86
128 143
162 24
6 3
8 172
144 129
23 128
15 86
68 104
171 175
64 135
55 90
135 125
150 8
143 28
151 64
29 30
101 4
93 33
55 0
4 139
9 18
16 24
77 74
93 132
127 142
17 73
176 173
147 77
18 131
90 23
88 142
142 75
1 17
8 174
122 113
86 121
24 134
97 113
124 139
10 7
73 148
139 101
71 50
119 169
69 84
80 16
26 6
28 84
123 114
15 19
24 20
85 163
23 143
17 15
34 40
159 150
34 69
114 37
60 52
84 119
81 161
40 162
21 80
58 50
18 43
32 34
161 34
110 55
116 78
36 45
149 34
6 48
154 116
67 71
5 54
100 135
15 70
132 74
57 143
69 57
20 111
82 85
117 145
150 103
163 82
110 20
78 154
4 129
1 73
56 9
51 105
82 151
121 108
111 39
40 32
171 24
96 63
10 87
32 69
64 16
43 23
71 96
17 133
15 60
114 137
75 88
55 109
20 69
44 13
52 19
49 61
130 127
148 17
108 107
46 2
137 122
51 49
88 46
125 21
120 51
32 24
71 39
152 138
0 69
133 56
97 122
80 95
71 78
82 24
155 22
161 149
138 96
39 20
177 176
8 146
57 0
21 135
42 124
49 47
19 46
97 98
141 117
136 86
64 21
87 127
162 32
113 112
4 36
110 109
18 128
30 3
30 13
22 166
98 122
153 95
63 97
54 83
153 140
151 100
99 138
95 71
64 82
37 29
67 78
43 133
120 104
78 72
72 71
163 151
26 93
16 39
67 153
84 57
112 58
140 67
80 153
130 62
51 104
107 106
61 47
125 165
50 63
68 29
95 67
126 13
97 50
16 82
173 163
69 81
50 39
155 118
49 54
39 95
58 113
112 111
45 29
111 110
45 35
137 98
24 39
13 141
15 121
16 21
58 97
141 48
70 17
165 153
96 50
19 60
19 79
2 148
148 79
80 165
79 2
149 40
19 2
63 91
107 52
74 147
109 136
46 118
118 2
107 60
169 161
72 96
118 148
129 44
96 91
77 160
91 50
50 112
37 63
52 88
63 45
175 177
45 37
159 8
96 99
37 123
29 115
123 29
72 152
164 152
162 134
63 98
145 26
11 94
133 150
6 145
44 4
42 99
138 42
146 131
117 48
98 37
102 130
116 72
116 164
36 139
106 105
104 115
115 68
145 158
36 13
87 62
48 30
99 45
144 4
35 36
84 81
42 35
20 0
169 84
35 99
7 87
138 124
109 90
157 147
62 77
126 44
139 35
129 126
95 16
13 45
56 150
44 36
131 128
3 25
31 68
31 49
3 5
5 25
30 6
48 145
29 3
126 141
29 13
134 171
11 52
160 102
102 77
6 5
20 32
105 120
143 90
47 106
106 52
47 51
61 11
52 61
72 164
49 83
83 61
46 22
46 75
0 110
87 88
88 10
142 87
18 23
158 26
52 7
5 31
54 31
140 78
132 157
54 14
148 133
14 83
33 26
93 158
18 56
28 57
143 156
142 166
33 5
6 33
149 170
141 30
68 51
62 74
24 85
52 10
33 14
56 43
54 33
33 94
74 33
93 74
14 11
11 83
7 94
69 161
62 7
7 11
94 74
74 157
101 144
158 132
103 159
140 154
75 166
77 168
168 160
171 85
42 139
81 169
40 170
170 162
85 173
256
82 151 64 0.787126 1.08247
125 21 135 2.10195 0.0558876
82 85 163 0.412892 1.7127
64 151 100 0.378691 0.686718
21 80 16 2.7059 0.557155
165 21 125 2.62278 0.0558876
85 82 24 0.859885 2.13852
82 64 16 1.67807 1.09719
80 95 16 2.93973 0.749262
16 64 21 2.12158 0.757327
154 116 78 4.59916 0.0706379
24 82 16 1.74637 1.87796
161 34 69 0.32526 4.07349
34 40 32 0.529492 3.62881
161 69 81 0.275447 4.30275
119 169 84 0.0980015 4.75312
32 24 20 1.42742 3.58892
32 69 34 0.692295 3.81845
81 69 84 0.373449 4.36838
20 69 32 1.18038 3.88791
20 24 39 2.11324 3.13951
40 162 32 0.404176 3.40513
32 162 24 0.814028 3.29578
20 0 69 1.43444 4.44925
24 16 39 2.39078 2.23609
34 161 149 0.125316 3.97368
71 39 95 3.51302 1.31683
95 39 16 3.02957 1.43326
80 153 95 3.09046 0.317873
71 95 67 3.65406 0.785368
78 72 71 4.62347 0.441109
67 153 140 3.48555 0.222413
71 50 39 4.00242 1.65769
96 50 71 4.83796 1.36523
50 63 97 5.20192 2.17387
78 71 67 4.04244 0.608012
95 153 67 3.32133 0.470407
39 50 112 3.96135 2.43204
171 24 134 0.446993 2.61332
112 58 113 4.65354 3.03011
110 20 111 2.70271 4.33481
98 114 137 5.78816 3.15685
13 141 30 9.21369 3.68944
112 111 39 3.4755 3.17653
58 97 113 5.04138 2.86719
97 58 50 4.94988 2.45604
135 21 64 1.6473 0.325938
97 122 113 5.22117 2.97106
133 56 43 1.8423 9.4933
142 75 88 6.149 9.72046
112 50 58 4.56205 2.61896
74 147 77 9.76434 8.59873
122 97 98 5.426 2.97161
39 111 20 2.75556 3.42202
4 139 101 9.40898 0.220717
143 28 57 0.524142 5.79526
28 84 57 0.622144 5.23589
143 90 23 0.877977 6.9529
84 69 57 0.735436 4.72913
57 90 143 1.06449 6.18464
55 90 57 1.71301 5.92168
55 0 110 2.26961 5.25167
23 128 143 0.250971 7.20696
86 70 90 2.51825 6.70285
90 55 109 2.36483 6.06631
55 57 0 1.7071 5.44036
0 57 69 1.25854 4.9698
23 90 70 1.65661 7.23925
150 8 56 0.896792 9.69013
28 156 119 0.0866524 5.39824
56 146 18 0.667263 9.16299
8 146 56 0.480125 9.4818
43 9 18 1.24542 8.82073
43 23 70 1.56795 7.96622
56 9 43 1.51939 9.15686
56 18 9 1.17769 9.03488
43 17 133 2.2653 9.28814
18 23 43 0.98596 8.44747
23 18 128 0.447616 7.97456
17 73 148 3.32658 9.27397
43 70 17 2.21061 8.3245
84 28 119 0.184654 5.04719
109 55 110 2.73783 5.48704
155 22 166 5.75955 9.92488
131 128 18 0.196644 8.2676
109 86 90 2.82893 6.33316
15 121 108 3.76879 6.90816
64 100 135 0.795358 0.270051
108 107 60 4.59572 7.04963
77 130 62 9.047 9.34956
152 138 96 5.84672 0.461422
121 15 86 3.54807 6.75136
8 172 146 0.00950637 9.44579
86 15 70 3.11538 6.99904
1 15 19 3.9248 8.24807
15 1 17 3.32547 8.35647
133 17 148 2.97696 9.64856
73 17 1 3.28429 8.77308
1 79 73 3.65351 8.74659
17 70 15 2.89639 7.89372
52 19 60 4.9829 8.00099
19 79 1 3.96351 8.66135
2 148 79 3.93615 9.2975
2 79 19 4.1791 8.83766
19 46 2 4.86571 9.0332
19 15 60 4.3128 7.88791
15 108 60 4.15318 7.25843
148 73 79 3.6958 9.24748
60 107 52 5.15662 7.46083
86 109 136 3.35225 6.14823
20 110 0 2.2345 4.76611
2 46 118 5.03943 9.49304
72 96 71 5.0377 0.831893
2 118 148 4.33997 9.67542
97 63 98 5.49824 2.58557
96 91 50 5.29931 1.60005
63 91 96 5.62972 1.66982
22 155 118 5.44705 9.92488
37 63 45 6.47737 2.49963
99 63 96 6.04036 1.56309
37 123 114 6.20411 3.35878
114 98 37 5.9536 3.14801
29 115 123 6.87929 3.7545
37 98 63 5.85918 2.71731
96 72 152 5.5383 0.516931
24 162 134 0.446993 2.92582
145 26 6 9.54537 6.11763
129 44 4 9.5196 1.38368
29 123 37 6.71738 3.47931
140 78 67 3.91804 0.293051
42 99 138 6.79614 0.632385
116 72 78 4.91574 0.126147
4 36 139 8.89762 0.925828
86 136 121 3.47426 6.27024
104 115 68 7.03655 4.65452
158 26 145 9.84974 6.54384
48 30 141 9.65812 4.36606
146 131 18 0.196644 8.8926
99 45 63 6.64166 1.88453
4 101 144 9.82564 0.42905
45 35 36 7.76661 1.91555
42 35 99 7.16775 1.05996
35 42 139 7.83803 0.616916
29 37 45 7.08505 3.05085
126 44 129 9.69396 1.9963
42 124 139 7.88308 0.189339
45 36 13 8.12446 2.48143
44 36 4 9.00824 1.67213
141 117 48 9.9239 4.58674
36 35 139 8.19359 1.13269
124 42 138 7.04974 0.189339
13 36 44 8.66207 2.44486
29 3 25 7.76865 4.49354
3 29 30 8.22977 4.29251
31 68 25 7.64135 5.18452
25 68 29 7.57889 4.51138
25 3 5 7.90842 5.17524
68 115 29 7.21648 4.19769
30 6 3 8.74547 4.94812
44 126 13 9.17343 2.57309
48 145 6 9.61953 5.61885
48 6 30 9.35375 4.98151
126 141 13 9.47947 3.07679
30 29 13 8.39362 3.64928
29 45 13 7.81575 2.98616
104 68 51 7.24402 5.19465
160 102 77 9.8974 9.48849
45 99 35 7.19103 1.65349
99 96 138 6.21812 0.904468
5 3 6 8.33095 5.39367
51 105 120 6.98418 5.7068
98 137 122 5.62149 3.11219
106 105 47 6.54242 6.31902
106 52 107 5.5609 7.23256
47 51 49 7.16725 6.15215
51 47 105 6.99391 5.94846
61 11 52 6.79323 7.42571
49 61 47 7.11969 6.57988
61 49 83 7.36267 6.87762
47 61 106 6.70233 6.62022
104 51 120 7.0735 5.37346
106 61 52 6.29817 7.20043
22 118 46 5.52151 9.74249
46 52 88 5.94651 8.95438
22 46 75 5.81769 9.64807
19 52 46 5.33664 8.67965
10 87 88 6.96472 9.31576
7 87 10 7.34881 8.98511
87 127 142 7.05598 9.80623
88 75 46 6.01512 9.53808
87 142 88 6.6588 9.62111
10 88 52 6.38631 8.83141
10 52 7 6.7704 8.50076
62 130 87 8.28891 9.45897
49 51 31 7.44456 5.96013
4 144 129 9.82564 0.845717
83 49 54 7.61178 6.85407
5 31 25 7.83518 5.42154
54 31 5 7.88178 6.05218
83 54 14 7.83572 6.98169
33 26 93 9.25324 6.70645
33 5 6 8.53604 5.96335
33 14 54 8.14838 6.81531
94 14 33 8.21765 7.26843
117 145 48 9.9239 5.42007
33 54 5 8.16011 6.37555
6 26 33 9.06609 6.24065
74 33 93 9.27043 7.1895
83 14 11 7.67774 7.17333
11 61 83 7.44038 7.14323
7 94 62 8.10881 8.53442
94 7 11 7.70428 8.01764
94 11 14 7.85867 7.53137
11 7 52 6.8762 7.94208
62 74 77 9.33061 8.66813
74 62 94 8.82218 8.36874
102 130 77 9.48074 9.69683
74 157 147 9.86694 8.2769
93 132 74 9.74971 7.48315
87 130 127 7.88932 9.80623
33 74 94 8.77663 7.58903
62 87 7 7.85915 8.94321
93 158 132 9.88278 7.12291
49 31 54 7.64611 6.36432
51 68 31 7.48641 5.41096
159 150 103 0.416667 9.89583
56 133 150 1.72062 9.85372
91 63 50 5.3165 1.79725
163 151 82 0.408435 1.43742
149 40 34 0.162458 3.67552
72 164 152 5.42075 0.0555094
80 165 153 2.94218 0.0698791
78 140 154 4.18249 0.0706379
166 22 75 5.8474 9.83046
28 143 156 0.0866524 5.8149
74 132 157 9.86694 7.86023
26 158 93 9.73252 6.79176
150 159 8 0.426173 9.73224
77 168 160 9.8974 9.17599
81 169 161 0.0755031 4.51544
40 170 162 0.0371416 3.34767
85 173 163 0.00445693 1.99403
72 116 164 5.21241 0.0555094
21 165 80 2.75246 0.125767
75 142 166 6.02535 9.90558
8 159 167 0.00950637 9.57599
77 147 168 9.8974 8.96766
84 169 81 0.173505 4.58107
40 149 170 0.0371416 3.556
24 171 85 0.45145 2.47194
8 174 172 0.00950637 9.48485
85 176 173 0.00445693 2.05914
8 167 174 0.00950637 9.51089
85 171 175 0.00445693 2.12424
85 177 176 0.00445693 2.07867
85 175 177 0.00445693 2.09169
