104
0.898332 3.07406
0.573456 3.54482
1.84068 2.77117
2.30724 3.07291
3.22043 4.26054
0.435288 1.875
0 1.875
0.472791 1.89523
0.390258 3.75
0 3.75
2.11102 1.20381
2.05757 1.15097
1.92835 1.0708
0.292496 0.625
0 0.625
1.25 0.036028
1.25 0
0 0
2.8125 0.0266923
2.8125 0
3.51369 4.57511
3.52607 4.59432
3.43828 5.05832
2.3713 5.36961
0.443359 3.83872
3.36585 1.99057
3.55466 1.4159
3.73093 5.45208
4.92164 3.42336
5.38382 3.42019
5.57775 3.44984
6.32285 5.24042
5.97125 5.6462
1.67481 5.97429
1.67052 6.58464
2.18461 9.20186
2.5 9.45868
2.82284 9.2007
3.89728 6.5493
0.436957 5.3125
0 5.3125
3.80643 1.33152
3.4375 0.373114
7.5 0.307901
5.91348 0.917354
7.7625 0.800856
6.98638 2.96649
4.375 1.24201
4.375 0
7.5 0
8.60514 1.25
10 1.25
10 0
0.971255 5.95058
0.827522 5.83608
0.769126 5.78125
0.91998 8.75
0 8.75
0.484768 7.29848
0.401346 7.1875
0 7.1875
0.0547817 6.79687
0 6.79688
0.403635 7.05295
0.652212 6.25674
0.568858 6.36283
0.0921791 6.17188
0 6.17188
0.387624 6.40625
0 6.40625
0.0581708 6.64062
2.5 10
0 10
0.145504 5.97656
0.028835 6.03516
0.00698442 6.07422
0 5.97656
0 5.78125
3.77131 9.04787
5.55241 7.42169
6.94783 9.29954
7.5 9.65442
7.5 10
4.26201 1.3323
3.4375 0
8.0894 4.67536
8.57481 4.57439
9.51885 3.75
7.9583 4.85472
7.95793 6.79388
8.37444 7.53425
9.30775 6.875
9.58915 5.625
10 5.625
10 3.75
6.21789 6.52353
5.74219 7.44031
8.27516 8.75
10 8.75
10 10
10 6.875
0 6.64063
0 6.03516
0 6.07422
154
103 75
76 102
102 74
101 62
69 101
40 77
98 97
97 90
81 97
94 93
93 92
92 86
90 91
89 90
100 91
88 31
85 88
87 50
85 86
48 84
47 83
83 41
28 83
82 71
84 19
81 82
79 38
78 79
37 78
77 76
55 77
88 89
75 66
73 74
54 73
32 27
33 34
48 47
31 32
30 31
10 11
95 96
25 20
40 39
3 25
99 98
21 28
16 19
21 22
2 3
96 80
14 13
15 16
42 18
52 51
13 5
71 36
34 35
6 5
26 10
87 94
8 9
101 70
17 14
24 8
56 58
5 7
2 10
91 92
35 36
27 22
72 71
12 7
25 26
84 42
4 1
20 21
54 55
28 29
1 8
94 51
11 12
46 85
80 81
65 68
56 35
86 87
57 72
82 99
23 24
0 2
1 0
3 4
23 33
102 103
46 30
14 6
22 23
29 30
78 80
4 20
13 15
7 0
51 50
9 6
16 17
98 100
55 39
68 70
36 37
60 57
37 38
9 40
19 18
45 46
26 41
32 95
58 59
41 42
44 43
29 44
38 27
39 24
47 44
53 64
43 49
58 34
12 15
49 48
50 45
67 66
43 45
49 52
74 75
33 53
53 54
57 56
62 61
69 67
63 59
76 73
60 62
95 89
64 65
65 63
66 64
67 103
100 93
96 79
59 60
61 63
68 69
18 11
70 61
51
1 0 2 3 4 1.8485 3.47511
6 5 7 0 1 8 9 0.34978 2.8314
12 11 10 2 0 7 1.3514 2.10185
17 16 15 13 14 0.452279 0.246889
19 18 11 12 15 16 2.02547 0.39912
7 5 13 15 12 0.996456 0.949376
8 1 4 20 21 22 23 24 2.12089 4.46162
4 3 25 20 3.06126 3.22848
10 26 25 3 2 2.58137 2.01969
27 22 21 28 29 30 31 32 4.93184 4.66895
38 37 36 35 34 33 23 22 27 2.73484 6.99081
9 8 24 39 40 0.219468 4.53184
18 42 41 26 10 11 2.97829 0.834458
44 43 45 46 30 29 6.55066 1.86857
49 43 44 47 48 5.64815 0.465528
51 50 45 43 49 52 8.8738 0.574913
39 24 23 33 53 54 55 1.1848 5.12454
60 59 58 56 57 0.355971 8.05988
62 61 63 59 60 0.167688 7.0355
65 64 53 33 34 58 59 63 1.03353 6.52543
14 13 5 6 0.184281 1.29088
67 66 64 65 68 69 0.271641 6.29925
61 70 68 65 63 0.318843 6.69044
34 35 56 58 1.36638 7.92653
72 57 56 35 36 71 1.11875 9.44877
66 75 74 73 54 53 64 0.505668 6.05049
77 55 54 73 76 0.328474 5.85832
79 78 37 38 4.08276 7.88428
71 36 37 78 80 81 82 4.8633 9.59368
83 28 21 20 25 26 41 4.00888 2.84106
29 28 83 47 44 5.1153 2.03738
48 47 83 41 42 84 3.96157 0.605487
87 86 85 46 45 50 8.21793 2.85705
46 85 88 31 30 6.7879 4.14267
92 91 90 89 88 85 86 8.64535 5.99877
93 92 86 87 94 9.48988 4.65604
94 87 50 51 9.49391 2.29706
27 32 95 96 79 38 5.03278 6.31701
88 89 95 32 31 7.10155 5.85716
80 78 79 96 5.46037 8.55991
89 90 97 81 80 96 95 7.18234 7.90068
99 82 81 97 98 8.87528 9.41588
98 97 90 91 100 9.2241 7.90281
40 39 55 77 0.309144 5.56839
100 91 92 93 9.71824 6.30315
69 68 70 101 0.131738 6.49457
84 42 18 19 3.21526 0.124965
101 70 61 62 0.0282466 6.71797
76 73 74 102 0.050091 5.99932
103 75 66 67 0.0308903 6.13703
102 74 75 103 0.0100656 6.05072
