0
113
47 45
4 47
39 44
43 9
36 42
30 38
41 47
39 8
45 20
4 45
20 3
23 24
0 25
44 29
25 26
2 19
43 46
7 15
31 36
25 6
7 13
5 31
16 7
7 5
7 25
40 30
2 13
27 5
13 15
5 35
11 40
15 42
16 0
19 17
33 40
39 2
9 37
37 33
2 14
29 43
46 37
0 6
37 2
21 22
15 32
43 8
26 5
39 13
37 12
12 9
32 39
8 29
31 28
12 8
28 36
30 11
36 7
6 16
36 5
13 32
11 17
2 12
20 21
27 35
10 34
2 16
26 27
47 10
7 6
0 1
9 46
2 8
14 16
10 18
43 12
36 15
24 0
17 14
1 14
42 32
18 1
14 18
7 26
18 17
19 14
33 2
16 1
17 40
4 20
8 44
19 40
34 18
23 1
11 18
38 34
18 38
24 25
33 19
18 23
16 13
22 23
11 38
1 24
22 3
18 3
3 21
23 3
34 41
41 10
3 10
10 4
35 31
4 3
66
13 32 39 0.439164 4.15931
29 43 8 0.766566 0.41189
39 2 13 1.5994 3.1138
32 13 15 0.727493 5.24278
9 37 12 1.89756 0.41139
12 8 43 1.29248 0.65882
0 6 16 3.51302 6.47457
16 13 2 2.5871 3.96726
12 37 2 2.51948 0.868081
2 8 12 2.03605 1.27997
40 30 11 8.57716 0.922713
13 16 7 2.38735 5.61569
5 31 36 1.25511 9.05486
15 13 7 1.68798 5.84569
31 28 36 0.5 9.16667
5 36 7 1.7156 7.9911
7 26 5 2.80491 8.4911
44 29 8 0.3499 0.828557
25 26 7 3.38313 8.02556
0 25 6 3.85865 7.54375
37 33 2 3.66024 0.621151
27 5 26 2.84442 9.55486
5 35 31 2.00511 9.88819
7 6 25 3.36469 7.29483
16 6 7 3.01906 6.22564
9 46 37 1.99665 0.16446
16 2 14 3.93128 3.50557
36 15 7 1.24882 6.68638
1 14 18 6.1274 5.10382
19 14 2 4.95067 2.33603
0 1 24 4.7097 7.72585
0 16 1 4.03074 6.74597
14 19 17 6.00787 2.40902
1 16 14 4.35962 5.4251
40 11 17 7.46126 1.61686
17 19 40 6.72453 1.2114
11 18 17 7.71675 2.98237
38 34 18 9.42215 3.86551
11 38 18 8.83264 3.12156
17 18 14 6.75626 3.25729
33 19 2 4.83399 1.1384
1 18 23 6.34407 6.66217
15 42 32 0.288329 5.6668
24 1 23 5.25525 7.96332
5 27 35 2.50511 9.88819
21 22 3 7.43608 9.12705
23 3 22 7.10275 8.5497
34 41 10 9.76278 6.77019
3 10 4 9.19985 8.26559
3 23 18 7.61422 6.91522
4 20 3 9.43707 8.99541
20 4 45 9.91167 9.11835
34 10 18 9.18493 5.6357
3 20 21 8.5254 9.46039
10 3 18 8.71033 6.76276
39 8 2 1.51014 1.86637
19 33 40 6.17376 0.517253
24 25 0 4.45445 7.94115
41 47 10 9.76278 7.81185
11 30 38 9.41049 1.75605
15 36 42 0.288329 6.50013
43 9 12 1.48089 0.41139
8 39 44 0.3499 1.66189
4 47 45 9.91167 8.49335
9 43 46 1.57998 0.16446
10 47 4 9.67445 8.18021
