0
124
50 49
43 47
16 49
37 41
30 39
42 38
23 42
10 45
45 40
39 35
33 23
18 0
31 11
8 14
38 29
24 8
11 7
11 28
26 15
10 40
37 5
5 41
41 25
16 22
44 32
28 36
7 36
22 11
20 22
48 50
0 9
26 14
7 22
11 18
12 27
31 28
2 7
2 28
20 37
4 20
33 5
25 33
16 50
33 42
4 37
14 21
36 43
33 6
29 26
37 6
46 44
36 2
15 24
19 18
14 0
7 10
40 48
46 22
11 20
18 3
14 29
43 7
8 15
6 4
40 7
6 5
48 16
49 46
35 12
0 11
20 0
20 9
7 16
20 32
4 13
23 38
30 24
13 17
5 25
17 4
22 44
2 11
6 13
32 37
23 13
16 46
3 31
24 39
23 9
21 38
11 3
9 13
12 1
9 21
21 0
29 21
8 0
15 14
24 35
9 17
38 9
30 15
12 19
15 34
34 30
47 45
0 19
43 10
1 31
17 20
3 1
18 1
18 12
26 34
6 23
24 12
40 16
8 19
27 31
10 47
19 24
22 32
31 12
35 27
74
4 37 6 0.992206 2.75628
25 33 5 1.0728 0.389311
5 33 6 1.48042 1.0755
20 37 4 1.14336 3.40233
17 4 13 2.49356 2.90624
13 4 6 1.87938 2.69185
0 11 20 3.22207 5.20378
32 37 20 0.558772 3.83223
17 20 4 2.16516 3.46957
13 6 23 2.27995 1.55704
14 29 26 6.9497 0.736782
22 32 20 0.850976 4.66683
36 43 7 0.271029 7.08794
41 25 5 0.23947 0.805978
40 7 10 0.308662 6.62001
36 2 28 0.33348 8.23335
7 22 11 1.40443 6.2645
22 7 16 0.572328 5.98753
2 11 28 1.17468 8.03363
11 2 7 1.44571 6.99657
22 20 11 1.69217 5.30045
2 36 7 0.604509 7.19629
16 46 22 0.301298 5.67042
11 3 31 4.0541 8.21961
13 23 9 3.12081 1.75846
29 21 38 4.73285 0.708528
13 9 17 3.15745 2.55709
9 23 38 3.48364 0.98956
0 9 21 4.88676 3.1674
20 9 0 3.62935 3.79111
14 26 15 8.06472 1.77173
14 21 29 5.43255 1.44531
8 15 24 7.94937 4.46003
15 8 14 6.9157 3.19227
30 15 34 9.44835 3.53495
21 14 0 5.58798 3.01657
9 38 21 4.31466 1.59614
14 8 0 5.95611 3.72858
18 0 19 5.91526 5.73498
3 11 18 4.15858 7.04556
1 31 3 4.92444 8.68635
1 3 18 5.02892 7.51231
18 12 1 5.74133 7.33856
11 0 18 4.43444 6.03083
19 24 12 7.56404 6.42122
19 0 8 6.32843 4.99622
27 31 12 7.25865 9.07891
12 24 35 8.57536 6.91679
35 27 12 8.92532 8.24558
19 12 18 6.35182 6.57596
8 24 19 7.4897 5.42951
28 11 31 2.50786 8.96695
12 31 1 5.63685 8.51261
17 9 20 2.82905 3.12042
44 32 22 0.292204 5.2096
15 30 24 9.09839 4.70617
33 23 6 2.22611 0.788137
15 26 34 9.44835 1.86828
24 39 35 9.65003 6.58788
45 40 10 0.0376331 6.51123
6 37 5 0.64709 1.90883
23 42 38 3.27683 0.101948
24 30 39 9.65003 5.75455
40 16 7 0.280124 6.40293
5 37 41 0.23947 1.63931
23 33 42 2.86016 0.101948
7 43 10 0.308662 6.82834
46 44 22 0.292204 5.5221
10 47 45 0.0376331 6.66748
16 49 46 0.00909423 6.00769
10 43 47 0.0376331 6.77165
16 40 48 0.00909423 6.1379
16 50 49 0.00909423 6.04675
16 48 50 0.00909423 6.0728
