307
0.5625 0.5625
0 0.5625
0.70072 0.70072
0.423231 1.09802
0.343243 1.125
0 1.125
0.718412 1.78878
1.20495 1.92963
1.14579 0.664923
1.125 0.655787
0.0120118 1.875
0.317924 2.02198
2.4375 0.156298
2.4375 0
2.8125 0.178245
2.8125 0
3.09356 0.510821
3.13396 0.499995
3 0
1.92165 0.706319
2.64988 0.798971
2.90841 0.694815
0 1.875
0.0457888 0.09375
0.171155 0.28125
0.09375 0.0113476
0.28125 0.0920955
0.401012 0.401012
0 0.28125
0 0.09375
0.09375 0
0 0
1.43359 2.14016
1.31232 2.584
0.5806 2.83316
0.333961 2.625
1.77007 1.98067
1.97987 1.33233
1.91282 0.708032
1.875 0.685916
1.125 0
0.5625 0
1.50621 2.90202
2.73614 2.35947
2.7235 2.30222
1.875 0
0.5 3.13397
0 2.625
0 3
5.424 2.08237
5.14305 2.03387
5.78249 2.4304
5.79118 2.61196
4.42407 3.32247
4.39582 2.98632
5.125 1.96651
5.375 1.89952
5.8543 2.18828
5.75 1.79904
1.71329 3.2867
1.36603 3.63396
1 3.26794
2.283 4.12032
1.79904 4.24999
2.31548 4.07744
2.14253 3.40331
1.73205 3.99999
2.88435 2.90827
8.125 0.42286
7.375 0.106661
8.16861 0.513986
7.35337 0.937001
7.20729 0.816669
7.02523 0.542655
7.375 0
8.125 0
9.25 0.730512
9.25 0
8.81058 0.89912
2.21142 4.5335
2.76408 5.43117
2.65121 4.16864
3.51852 5.35633
3.49901 5.37235
3.10633 5.43639
2.19405 4.54608
2.00127 4.86568
2.58368 5.48242
1.89952 4.625
3.85106 3.36304
4.36551 3.45674
4.31153 2.5694
3.35211 1.66961
3.02552 1.81635
2.76787 1.52377
8.0048 9.52118
7.31659 9.25489
7.9375 9.71311
7.65625 9.929
7.46875 9.87752
7.1875 9.50721
7.16206 9.42068
8.12282 9.49553
8.39672 9.32895
8.65632 8.05539
8.6202 8.01357
8.40112 7.95372
7.33605 8.60876
8.21875 9.76958
8.21875 10
7.9375 10
3.37712 1.62286
3.63396 1.36602
3.26793 0.99999
0.0482985 9.25
0.1875 9.68561
0.664404 9.00847
1.05476 9.34656
0.65625 9.88931
0.46875 9.93415
0.1875 10
0 9.25
0 10
0.736861 7.75
0 7.75
0.867516 7.8239
4.5 1.86603
4 1.73205
3.66857 5.29332
3.90467 5.0774
4.48193 3.82284
3.44677 6.39124
3.68184 7.17504
3.82138 7.11042
4.18193 6.86915
4.59053 6.47158
5 2
0.65625 10
1.125 9.38649
1.125 10
1.7127 9.36779
2.09264 8.36428
0.962006 7.80235
2.25 9.8374
2.25 10
5.96461 4.4438
6.04641 4.45985
6.57258 2.93118
4.9797 5.57043
5.1858 5.84544
5.17629 5.99703
4.63523 6.47601
7.65625 10
7.46875 10
7.1875 10
2.27989 5.6109
2.01913 6.48053
2.48651 6.71175
0.5 6.86603
1.10192 7.64312
1.48382 6.48382
1.36603 6.36603
1 6.73205
6.86603 0.499995
7 0
2.00151 6.48737
1.88684 7.29237
1.86603 5.5
1.73205 6
2.71685 7.44928
2.85342 7.60254
2.84938 7.61226
2.52971 8.27591
1.96651 4.875
2 5
2.49969 6.7263
8.27448 6.49429
8.27634 6.35762
8.05369 6.81817
7.68272 6.4582
7.62322 5.79211
7.63397 5.72787
8.75348 6.61254
8.81698 6.54904
8.45094 6.18301
7.99882 7.4825
8.84636 7.61981
0 7
2.81801 9.41535
2.75395 8.56836
0.46875 10
3.26372 8.62978
3.54126 8.41695
3.60786 7.36536
3.13396 9.5
3 10
5.1007 7.38074
4.44291 7.92095
3.77756 7.57413
3.70293 8.33693
5.10096 7.3806
5.37266 7.26968
5.72118 7.30843
6.22186 7.07648
5.5 8.13396
4.49998 8.13396
5 8
3.45093 8.81698
3.26792 9
3.81695 8.45094
8.40625 9.98202
8.40625 10
8.8684 9.70898
8.875 9.71297
8.875 10
9.34375 9.52886
9.3711 9.51131
9.7064 9.19432
8.99947 8.20544
3.99996 8.26792
9.29225 0.75
10 0.75
9.67037 1.875
10 1.875
9.58441 2.4375
10 2.4375
9.37838 2.37859
8.39216 1.65321
8.43115 1.78782
9.25533 2.45623
0.28125 0
6.42454 1.69658
6.4948 1.55157
6.4268 1.42679
6.36603 1.36602
6 1.73205
6.64106 2.90639
7.0922 2.83901
7.14737 2.81143
7.26143 1.79034
7.47951 1.5881
6.48971 4.8509
6.72748 4.978
7.27619 4.51084
6.73205 0.99999
8.78825 3.42221
8.84095 2.86508
8.09857 3.46461
8.03253 3.4353
7.85926 2.9693
7.93474 2.91061
9.11753 2.70652
9.25 3.20094
8.81698 3.45094
9 3.26792
8.45094 3.81698
7.6363 4.36667
5.46322 5.7357
6.36822 6.38077
6.26581 7.06977
6.75463 5.05074
7.61555 5.63889
8.13396 5.5
8.13396 4.5
8 5
9.9151 7.5625
9.78845 7.1875
9.31239 8.125
9.46367 7.00159
10 7.1875
10 7.5625
10 8.125
9.24077 2.51929
10 0
9.74788 3.05908
9.92122 2.90625
9.91676 2.71875
10 2.90625
9.75 3.06698
10 3
8.26792 4
10 2.71875
9.8125 9.92454
9.9129 9.25
9.53125 9.99184
10 9.25
9.8125 10
10 10
9.53125 10
6.30816 7.09387
6.69888 7.08071
6.9748 6.82836
6.30874 8.32522
6.18301 8.45094
6.46987 7.62724
6 8.26792
7.27409 8.58149
6.65888 8.70715
6.54904 8.81698
6.86603 9.5
7 10
6.73205 9
8.26792 6
9.5 6.86603
9 6.73205
10 7
9.34375 10
445
190 137
109 211
1 28
110 152
215 306
305 269
303 305
183 304
184 302
299 301
101 299
271 285
293 298
298 297
292 297
296 294
107 296
291 179
204 295
294 289
292 294
148 149
22 10
89 90
93 94
65 67
130 145
142 125
126 136
1 0
227 228
130 90
127 126
133 134
121 122
283 282
83 84
120 115
43 44
290 291
17 113
45 13
19 38
107 96
284 216
104 105
16 14
102 103
285 283
143 140
272 274
101 96
99 100
139 137
186 182
97 98
96 95
33 42
126 91
94 37
117 138
138 139
18 17
201 151
113 112
92 93
91 92
33 34
90 53
125 116
3 6
202 203
98 99
88 85
286 287
85 86
82 83
94 20
144 143
197 205
64 81
32 36
35 11
180 181
29 31
32 33
150 151
58 57
92 111
291 180
184 183
51 52
21 16
170 193
47 48
61 60
28 24
7 8
100 101
11 6
27 24
78 227
114 121
153 154
135 128
38 39
191 192
44 36
77 76
84 80
188 189
95 102
6 7
295 293
79 62
158 123
36 37
78 70
5 1
223 221
46 34
88 173
149 150
170 171
282 286
23 29
137 118
272 229
82 128
299 300
72 233
81 82
72 73
136 55
129 130
110 109
103 104
177 176
143 188
115 114
0 2
189 191
109 108
52 53
124 123
20 21
74 69
17 16
95 97
297 296
30 25
233 234
301 298
79 85
15 13
69 68
117 118
7 32
12 19
231 236
141 142
112 127
40 9
213 214
257 149
93 44
15 18
194 208
24 23
145 146
54 50
76 78
199 198
114 116
138 140
60 66
66 63
218 104
34 35
302 262
75 74
3 4
8 9
106 107
74 164
19 20
194 188
68 70
37 38
45 40
123 125
286 288
175 157
41 230
87 155
54 91
75 77
304 303
146 147
132 133
193 132
144 195
60 59
240 227
217 283
41 40
42 43
263 280
241 257
257 258
221 273
86 87
161 162
35 47
280 255
189 172
48 46
268 266
128 129
124 187
258 259
73 69
277 275
234 235
50 49
230 30
89 81
53 54
129 148
197 198
118 119
2 3
166 159
207 209
288 284
26 27
5 22
49 56
46 61
56 55
119 115
57 51
56 58
70 71
300 154
178 185
225 224
47 22
134 135
29 28
62 64
290 185
140 141
65 59
153 152
87 80
67 43
122 120
25 26
71 72
80 79
63 88
205 219
68 75
261 260
147 52
148 145
67 89
31 30
152 98
99 153
154 100
235 58
4 10
155 156
242 243
157 84
164 163
156 157
159 160
139 144
160 161
163 73
160 165
306 288
181 261
190 119
39 45
112 111
165 166
168 167
169 170
156 165
167 174
171 172
162 158
173 86
10 11
205 206
169 175
306 214
63 62
176 178
182 176
59 42
178 179
4 5
201 202
278 252
274 275
39 8
181 177
177 184
185 106
27 0
105 186
187 158
120 190
192 171
264 262
131 175
9 2
196 197
203 150
198 193
192 199
134 200
200 201
216 217
196 200
83 131
131 132
277 281
204 202
303 268
151 135
57 231
167 155
207 191
249 238
293 292
208 207
0 41
209 199
210 212
212 213
271 267
211 210
214 211
212 103
213 215
231 232
166 169
215 216
217 218
219 209
220 76
221 220
146 241
220 222
222 223
279 277
161 168
224 226
223 225
13 12
241 242
228 229
183 182
108 210
249 250
229 226
230 26
262 261
172 141
232 233
179 180
236 237
108 102
147 236
237 238
49 51
238 239
239 232
239 240
240 71
252 251
133 196
243 237
234 244
244 163
105 106
273 77
245 247
270 269
247 248
248 249
259 289
250 246
14 15
251 246
245 253
265 270
278 279
195 194
253 254
254 252
255 247
253 255
228 250
248 256
64 65
256 243
259 203
97 110
242 260
260 258
142 159
246 245
256 263
174 173
263 264
266 265
12 14
265 267
267 218
186 268
269 266
111 21
116 117
270 271
251 272
275 276
121 124
276 224
206 204
274 278
281 276
55 50
225 281
226 222
282 284
287 285
23 25
289 290
139
1 0 2 3 4 5 0.291917 0.82266
9 8 7 6 3 2 0.875082 1.2588
11 10 4 3 6 0.368781 1.62873
15 14 12 13 2.6291 0.0837557
17 16 14 15 18 2.96385 0.209583
21 20 19 12 14 16 2.5525 0.499068
5 4 10 22 0.11455 1.38345
24 23 25 26 27 0.217674 0.189477
29 23 24 28 0.0602732 0.205559
30 25 23 29 31 0.0379162 0.041246
6 7 32 33 34 35 11 0.826117 2.29926
39 38 37 36 32 7 8 1.54231 1.32804
40 9 2 0 41 0.846186 0.334087
44 43 42 33 32 36 1.88625 2.40447
45 39 8 9 40 1.50206 0.337532
48 47 35 34 46 0.270702 2.861
22 10 11 35 47 0.156757 2.287
50 49 51 52 53 54 5.08937 2.63468
56 49 50 55 5.28718 1.99486
58 57 51 49 56 5.64528 2.07138
61 46 34 33 42 59 60 1.14936 3.06799
66 60 59 65 64 62 63 1.88732 3.75154
43 67 65 59 42 2.23735 2.91642
69 68 70 71 72 73 7.53346 0.51706
75 68 69 74 7.82464 0.148115
77 76 78 70 68 75 8.7265 0.379059
80 79 62 64 81 82 83 84 2.7763 4.82973
87 86 85 79 80 2.35834 5.02808
63 62 79 85 88 2.04732 4.36972
93 92 91 54 53 90 89 67 43 44 3.57344 2.61064
64 65 67 89 81 2.86276 3.52071
94 93 44 36 37 2.38943 1.81074
96 95 97 98 99 100 101 7.56993 9.58858
107 106 105 104 103 102 95 96 7.99922 8.78184
110 97 95 102 108 109 8.07452 9.78092
19 20 94 37 38 2.33644 1.09448
13 12 19 38 39 45 2.09583 0.25825
111 92 93 94 20 21 2.97281 1.28859
112 111 21 16 17 113 3.24848 1.08136
115 114 116 117 118 119 0.534022 9.45184
122 121 114 115 120 0.0807356 9.68816
124 123 125 116 114 121 0.372868 8.4137
126 91 92 111 112 127 3.97129 1.93345
90 130 129 128 82 81 89 3.6434 4.26362
135 134 133 132 131 83 82 128 3.88552 6.28333
55 50 54 91 126 136 4.64001 2.3211
137 118 117 138 139 0.944933 9.75566
116 125 142 141 140 138 117 1.31614 8.65487
139 138 140 143 144 1.60752 9.72157
52 147 146 145 130 90 53 5.54664 3.49487
128 129 148 149 150 151 135 4.47462 5.74518
145 148 129 130 4.85564 4.70046
153 99 98 152 7.55419 9.95049
154 100 99 153 7.29991 9.82761
157 156 155 87 80 84 2.51385 6.0086
162 161 160 159 142 125 123 158 0.980445 7.11282
164 74 69 73 163 7.10333 0.228555
159 160 165 166 1.5957 7.00508
167 155 156 165 160 161 168 1.8811 6.05807
142 159 166 169 170 171 172 141 2.00543 7.79865
173 86 87 155 167 174 2.17062 5.32568
88 85 86 173 2.02361 4.69049
157 175 169 166 165 156 2.26463 7.013
177 176 178 179 180 181 7.92283 6.31856
183 182 176 177 184 8.51239 6.42515
186 105 106 185 178 176 182 8.43779 7.2314
158 123 124 187 0.322546 7.364
172 189 188 143 140 141 2.31697 9.04963
120 115 119 190 0.297486 9.8914
192 191 189 172 171 2.99001 8.22739
131 132 193 170 169 175 3.11108 7.0099
195 144 143 188 194 2.72761 9.75766
83 131 175 157 84 3.10358 6.06229
193 132 133 196 197 198 4.28427 7.47434
198 199 192 171 170 193 3.42222 7.82766
151 201 200 134 135 4.76542 6.94569
196 133 134 200 4.36829 7.12016
203 202 201 151 150 5.39257 6.72469
206 205 197 196 200 201 202 204 5.15651 7.73009
208 194 188 189 191 207 3.03721 8.98374
207 191 192 199 209 3.54025 8.56619
211 210 212 213 214 8.70971 9.90142
108 102 103 212 210 8.45168 9.65298
104 218 217 216 215 213 212 103 8.96913 8.97188
209 199 198 197 205 219 4.02508 8.01287
223 222 220 221 9.72917 1.24416
225 224 226 222 223 9.75275 2.18124
229 228 227 78 76 220 222 226 9.07257 1.5952
41 0 27 26 230 0.449777 0.214595
235 234 233 232 231 57 58 6.11982 1.77125
239 238 237 236 231 232 6.84744 2.21465
147 52 51 57 231 236 6.23654 2.37789
72 71 240 239 232 233 7.04172 1.35568
243 242 241 146 147 236 237 6.72859 3.95409
163 73 72 233 234 244 6.85111 0.912578
246 245 247 248 249 250 8.37843 3.15476
254 253 245 246 251 252 8.99841 3.06358
255 247 245 253 8.46397 3.56759
238 239 240 227 228 250 249 7.73 2.22402
237 238 249 248 256 243 7.52054 3.57089
148 145 146 241 257 149 5.72351 5.14378
150 149 257 258 259 203 5.83328 6.33705
257 241 242 260 258 6.20805 5.59929
262 261 260 242 243 256 263 264 7.54438 4.98944
266 265 267 218 104 105 186 268 9.2981 7.64692
270 265 266 269 9.92138 7.3483
271 267 265 270 9.76768 7.91689
227 240 71 70 78 8.05069 1.12418
272 251 246 250 228 229 8.58648 2.46973
273 221 220 76 77 9.62526 0.37473
224 276 275 274 272 229 226 9.61323 2.6896
279 278 274 275 277 9.90293 2.98149
252 251 272 274 278 9.37272 2.90484
280 263 256 248 247 255 8.03825 4.00664
277 275 276 281 9.95949 2.81164
281 276 224 225 9.85684 2.54689
283 282 284 216 217 9.66099 9.58937
287 286 282 283 285 9.92537 9.67262
288 284 282 286 9.7096 9.97458
261 181 180 291 290 289 259 258 260 6.88643 6.11152
295 204 202 203 259 289 294 292 293 6.03007 7.74942
179 291 180 7.42691 6.35955
178 185 290 291 179 7.52096 6.9813
289 290 185 106 107 296 294 7.31182 7.77649
297 292 294 296 6.70191 8.279
293 292 297 298 6.42089 8.57087
285 283 217 218 267 271 9.64127 8.57702
300 299 101 100 154 7.05856 9.70504
298 297 296 107 96 101 299 301 7.01609 8.9997
302 184 177 181 261 262 8.04515 5.88231
303 268 186 182 183 304 9.04476 7.04108
269 266 268 303 305 9.75121 7.03797
306 215 216 284 288 9.40853 9.81795
214 213 215 306 9.12835 9.80673
152 98 97 110 7.82515 9.89967
28 24 27 0 1 0.214883 0.444344
109 108 210 211 8.28577 9.92276
230 26 25 30 0.211894 0.0311134
190 119 118 137 0.570437 9.95492
