351
0.0986037 1.00549
1.08902 1.38566
0.0391302 0.9375
0.288913 0.656985
1.0259 1.021
0.187827 1.875
0.830733 1.99843
1.10545 1.4307
0 0.9375
0 1.875
0.233859 0.3125
0 0.3125
1.08231 0.687976
1.02962 0.434288
0.9375 0.314705
0.3125 0.23138
2.27123 1.27381
2.41819 0.785181
2.1875 0.506589
1.91724 0.415091
0.0345953 2.8125
0.419551 3.4375
0.876428 2.15603
1.21337 2.68111
1.00827 3.41115
0.814569 3.59461
0 3.4375
0 2.8125
1.5625 0.0294949
0.3125 0
0.9375 0
1.5625 0
2.3947 1.47253
3.125 0.41433
3.19419 0.452326
3.4012 1.04892
2.95419 1.67416
2.15956 2.65233
2.1875 0
3.125 0
0.760937 4.42046
1.02231 4.81423
0.697346 4.0625
2.03515 3.92293
0.0305476 4.6875
0.242115 5.50557
0.745076 5.1387
1.04072 4.87454
0 4.6875
0 4.0625
2.17075 3.9316
2.35166 2.79989
1.43896 5.16554
1.91549 5.15113
2.44226 4.73646
2.45627 4.1893
3.28014 2.85982
3.36168 3.24737
3.21525 3.60379
2.8397 4.01656
3.69792 2.30488
3.67245 2.24175
3.10971 5.14639
3.28487 5.10043
3.2684 4.32885
1.24685 6.38625
0.926224 6.48719
0 0
3.84733 1.39812
3.87456 1.37104
4.16378 0.636351
3.87783 0.487573
4.22739 2.36734
4.23222 2.36402
4.85912 1.36355
4.29416 0.622341
4.40633 0.444339
4.29687 0.119352
4.17969 0.0272029
4.10156 0.0510396
3.90625 0.323805
5.02255 1.22343
3.90625 0
5.04575 3.68687
5.30333 2.24876
5.4858 3.25879
5.2909 3.67695
4.53788 3.89449
4.63422 3.90384
4.93496 3.75723
5.62689 1.78102
5.65721 1.51213
5.42427 1.19691
3.69586 4.29773
3.72515 4.25267
3.67537 5.09322
4.05231 5.25965
4.30788 5.02104
4.16301 5.76166
3.63496 6.37538
3.5373 6.35819
2.93722 5.77456
4.80961 5.0855
4.99667 4.96855
4.78546 6.02882
5.26689 5.80253
5.28985 5.74206
2.19105 5.67027
2.71203 5.86444
5.43937 1.14924
5.57909 0.449755
4.6875 0.18026
4.29688 0
4.6875 0
5.625 0.377176
5.625 0
0.556095 6.875
0 6.875
0.609095 7.08798
0.753923 7.88986
0.750301 7.92393
0.515843 8.70075
0.357946 8.72443
0.00771611 8.75
0 8.75
1.74086 7.28478
2.26807 7.03978
2.27056 7.00905
1.78343 6.57725
0.782494 6.54392
0.131508 5.625
0 5.625
2.27941 7.00303
2.06877 7.77132
2.33224 7.32863
2.31104 6.99419
3.99259 7.25302
3.94848 7.32524
3.05708 7.98753
0.046875 9.33623
0.046875 10
0 10
0.117188 9.84549
0.152344 9.96428
0.175781 9.99819
0.28125 9.94703
0.5625 8.72935
0.95817 8.89827
1.90864 8.23187
2.00776 8.05104
0.28125 10
0.5625 10
1.125 9.05139
1.125 10
0.117188 10
2.57456 8.88013
2.7819 8.52979
1.62677 9.24376
2.50515 9.15358
3.07051 8.21928
1.6875 9.43848
1.6875 10
2.0625 9.95866
2.4375 9.79673
2.62683 9.3706
2.64294 9.30858
3.58662 8.57204
3.63182 8.63183
2.71611 9.33252
2.71875 9.93619
2.71875 10
2.4375 10
2.83594 9.99086
2.88281 9.94609
2.95313 9.77897
3.01279 9.46753
4.00595 7.23936
4.63783 7.24632
4.73956 7.20213
4.81475 6.68109
4.01559 7.96167
4.07065 8.03162
4.36781 8.14067
4.64993 7.69353
5.12988 8.0153
5.125 8.03349
5.05013 7.41988
4.89706 7.24029
4.75 8.06698
5 8
3.63396 8.63397
3.13397 9.5
3.26794 9
2.95313 10
3 10
2.0625 10
4.12499 8.23445
3.99999 8.26794
4.37499 8.16746
9.25 9.375
9.25 10
9.22533 9.34539
8.125 9.50213
8.125 10
7.5625 9.87037
7.5625 10
7.58009 9.20157
9.17941 8.89694
8.61406 8.36258
7.54083 8.99517
7.54976 9.17387
9.75383 4.0625
10 4.0625
9.66938 4.6875
10 4.6875
9.85621 6.25
10 6.25
9.20007 5.51791
9.05145 5.18644
9.28439 3.57767
9.11028 3.55498
9.09893 3.55636
8.6639 4.88308
5.64096 6.40723
5.57885 6.11763
6.5625 0.396863
6.5625 0
7.03125 0.342129
7.03125 0
6.88659 0.662881
6.88482 0.661815
6.22151 2.65614
6.41423 2.64985
7.06725 1.72925
6.97974 1.56077
7.09871 0.981814
6.84793 3.16798
5.4877 3.7855
5.41236 3.76915
7.47182 3.51476
7.97014 2.9875
7.63072 2.0927
5.56994 4.9496
5.7307 5.218
7.2474 4.65405
7.16324 5.80083
7.27056 4.61132
8.25292 4.85848
8.02972 6.28077
7.92331 6.40949
7.68148 6.32262
7.1867 6.06701
5.94752 5.23377
6.14395 5.70825
7.25929 4.57203
6.11935 6.00723
7.49972 0.807998
8.40366 1.0463
8.28143 1.56954
7.73467 0.356891
7.65625 0.214933
7.34375 0.0687709
8.65384 0.841318
8.7147 0.691793
8.4375 0.341558
8.04687 0.278409
8.01287 0.282279
7.83878 0.316368
7.85156 0.18215
7.85156 0
7.65625 0
7.94922 0.0165641
7.90039 0.0276969
7.91992 0.00174574
7.94922 0
8.04688 0
8.4375 0
9.375 0.361556
9.375 0
9.49046 1.80338
9.77484 0.625
10 0.625
9.5056 1.875
10 1.875
9.14681 2.0858
9.40769 1.99287
9.91821 2.8125
10 2.8125
9.58002 2.50052
10 0
8.32267 3.00239
9.58554 3.4375
10 3.4375
10 9.375
10 10
9.8063 8.125
10 8.125
7.34375 0
5.89617 6.89418
5.95916 6.91281
6.19553 6.07941
6.99735 6.2439
6.43725 7.1912
6.53477 7.17057
7.12809 7.5453
6.76477 8.5011
6.46695 8.53305
6.14394 7.7146
7.15116 7.54796
5.54766 7.79467
5.84342 7.85229
5.39701 8.01835
6.36603 8.63397
5.75 8.20096
6 8.26794
5.375 8.10048
7.09375 9.43898
6.86603 9.5
7.23438 9.37493
7.25235 9.36506
7.51481 8.94623
6.73205 9
7.30469 9.81982
7.33984 9.96107
7.35742 9.99064
7.36914 9.99667
7.30469 10
7.23438 10
7.66246 7.67392
7.66776 7.672
7.95937 6.46588
8.81913 6.92368
9.72166 6.40171
8.30861 7.74852
8.75491 7.14282
8.56834 8.16189
9.6168 7.84086
9.28243 7.76905
7.09375 10
7 10
2.83594 10
7.36914 10
2.88281 10
4.17969 0
0.175781 10
7.33984 10
4.10156 0
0.152344 10
7.35742 10
7.91992 0
7.90039 0
521
350 272
274 349
343 346
345 348
348 324
154 347
347 143
82 346
345 323
150 344
344 144
343 78
276 275
347 344
340 342
342 173
292 287
341 325
340 172
171 195
338 339
216 296
336 295
337 334
336 337
332 336
335 333
208 335
329 333
331 332
330 331
329 330
328 329
318 327
326 322
322 323
319 322
312 321
320 305
316 318
317 316
185 315
327 326
313 315
315 311
310 313
330 249
312 306
311 309
316 338
184 311
310 307
186 309
308 250
304 308
307 302
306 307
305 306
302 303
299 302
300 301
300 255
299 300
298 187
295 207
296 295
294 293
293 199
292 212
286 291
291 219
288 220
140 139
349 273
136 137
131 117
185 184
328 320
309 310
301 251
120 133
90 231
38 39
4 1
130 45
128 65
127 128
297 228
261 227
126 127
125 126
65 66
118 125
187 178
138 134
124 117
106 243
133 134
121 122
44 45
221 290
116 118
117 116
92 109
108 101
104 105
103 102
269 350
337 335
110 111
89 103
84 90
57 58
106 102
96 97
170 340
105 106
119 125
63 95
93 94
323 324
79 80
298 299
218 213
92 81
90 91
209 320
37 32
119 120
217 248
251 245
326 345
308 328
258 241
87 88
325 204
85 86
84 85
73 84
82 80
81 75
258 284
139 123
256 257
201 202
70 75
49 48
314 312
179 104
94 58
4 12
74 69
16 17
137 138
73 74
324 325
87 94
72 73
71 34
34 35
70 71
13 14
69 70
233 234
20 27
76 77
26 21
293 296
85 231
240 290
60 61
278 289
181 182
30 29
100 135
22 23
112 343
269 268
132 108
24 25
17 18
227 229
96 98
253 255
7 1
33 34
223 224
25 21
247 222
334 331
113 115
23 24
122 123
5 6
14 15
62 63
49 26
64 93
17 33
124 141
123 124
21 20
52 53
35 36
54 55
231 232
275 274
264 265
338 327
6 7
254 237
120 121
53 107
289 281
228 227
200 294
57 87
47 41
166 167
151 153
99 100
223 298
60 72
15 10
91 92
45 46
0 2
232 236
11 67
283 287
113 112
24 43
20 22
226 115
98 104
66 46
297 270
61 68
280 277
0 5
151 150
262 279
39 33
246 254
112 77
215 217
97 88
100 101
332 215
58 59
64 59
190 197
193 342
135 136
248 249
304 305
291 292
272 273
18 38
239 254
346 79
2 3
159 166
86 83
27 26
68 69
208 209
41 40
66 129
11 8
176 177
8 2
115 114
68 35
12 13
128 107
129 116
51 37
107 108
7 16
74 81
42 25
131 48
211 213
129 130
109 110
245 244
244 246
30 31
52 65
177 178
257 258
319 210
14 30
111 113
285 282
3 10
101 62
31 28
250 251
214 216
6 22
180 181
318 319
244 252
140 154
48 44
262 263
152 147
42 49
95 93
5 9
114 110
50 51
179 223
53 54
152 157
38 31
268 267
118 119
59 55
132 135
169 172
253 245
77 78
284 285
56 60
88 89
195 162
78 79
46 47
265 266
54 62
169 164
286 288
63 64
43 41
139 142
242 238
67 29
43 50
111 76
219 220
40 42
237 238
23 37
19 12
56 57
321 317
51 56
1 0
203 205
141 140
282 283
142 143
271 266
144 145
145 122
121 146
174 175
303 304
146 147
147 148
279 280
149 133
150 145
146 151
18 19
216 215
217 218
225 226
154 142
226 228
55 50
148 155
155 156
163 164
136 176
156 149
348 341
157 158
158 155
138 159
89 83
159 156
192 190
160 157
80 71
236 239
160 162
162 163
36 32
102 97
200 199
161 160
235 256
164 165
130 131
165 158
167 168
349 350
220 221
32 16
168 165
196 181
170 169
246 247
75 76
270 269
171 170
175 168
176 99
178 179
183 177
278 276
153 161
184 186
127 132
203 200
205 341
186 187
183 188
188 189
259 260
189 185
281 280
197 196
166 180
266 267
303 301
98 99
202 203
190 167
191 192
191 194
10 11
194 193
161 195
288 285
198 182
83 72
163 171
221 222
137 180
199 201
243 252
205 204
207 208
290 284
313 314
204 206
206 202
211 219
209 210
210 206
27 9
196 198
40 44
114 225
143 144
175 191
212 211
213 214
214 212
222 218
261 297
224 105
134 126
193 174
232 233
153 152
229 230
268 272
148 149
234 91
243 242
47 52
229 235
235 234
236 237
333 334
39 82
238 86
339 317
239 240
172 173
240 241
241 233
230 225
103 242
260 270
29 15
247 248
276 264
182 183
109 230
249 250
28 13
252 253
255 224
256 259
61 36
260 261
3 4
9 8
257 262
173 174
263 264
267 259
273 271
95 96
274 271
277 278
265 275
188 198
263 277
279 282
19 28
201 207
283 281
287 286
171
1 0 2 3 4 0.584276 1.01065
7 6 5 0 1 0.549365 1.53572
8 2 0 5 9 0.0725704 1.46694
11 10 3 2 8 0.11991 0.582386
15 14 13 12 4 3 10 0.686978 0.571228
12 19 18 17 16 7 1 4 1.70159 0.938806
21 20 22 23 24 25 0.686517 2.90284
27 20 21 26 0.140729 3.2133
9 5 6 22 20 27 0.328456 2.24556
28 19 12 13 1.44018 0.379262
30 14 15 29 0.640894 0.137581
31 28 13 14 30 1.16779 0.154871
32 16 17 33 34 35 36 2.84706 1.06169
37 23 22 6 7 16 32 1.64464 1.98407
38 18 19 28 31 1.95384 0.195448
39 33 17 18 38 2.62489 0.314248
41 40 42 25 24 43 1.22114 4.06038
47 46 45 44 40 41 0.503349 4.90343
49 42 40 44 48 0.33288 4.32156
26 21 25 42 49 0.3659 3.75839
37 51 50 43 24 23 1.73429 3.20639
50 55 54 53 52 47 41 43 1.84478 4.61176
50 51 56 57 58 59 55 2.72936 3.42301
32 36 61 60 56 51 37 2.84531 2.26394
64 63 62 54 55 59 2.88562 4.56832
46 47 52 65 66 1.08328 5.63188
29 15 10 11 67 0.151859 0.151887
68 61 36 35 3.45683 1.61964
71 70 69 68 35 34 3.69345 0.831287
69 74 73 72 60 61 68 4.17483 1.80969
80 79 78 77 76 75 70 71 4.1516 0.357101
81 74 69 70 75 4.39659 1.0877
82 80 71 34 33 39 3.52001 0.232637
83 72 73 84 85 86 4.98023 2.87579
89 88 87 57 56 60 72 83 4.11245 3.10429
92 91 90 84 73 74 81 5.043 1.80636
58 94 93 64 59 3.27342 4.03258
95 63 64 93 3.48211 4.69912
87 88 97 96 95 93 94 4.0963 4.57325
62 63 95 96 98 99 100 101 3.55358 5.65487
57 87 94 58 3.77522 3.77627
102 97 88 89 103 4.71494 4.52298
106 105 104 98 96 97 102 4.62574 5.52147
101 108 107 53 54 62 2.53896 5.31566
111 110 109 92 81 75 76 4.99285 0.693193
113 111 76 77 112 4.48421 0.163136
115 114 110 111 113 5.22247 0.169652
117 116 118 119 120 121 122 123 124 0.326695 7.79427
129 66 65 128 127 126 125 118 116 1.3619 6.86299
119 118 125 1.03463 7.42087
45 46 66 129 130 0.598819 5.81623
131 130 129 116 117 0.291559 6.36852
48 44 45 130 131 0.0842276 5.26185
52 53 107 128 65 1.69162 5.82925
108 132 127 128 107 2.2451 6.29608
134 133 120 119 125 126 1.71762 7.55067
134 126 127 132 135 136 137 138 3.05147 7.41423
141 124 123 139 140 0.0209077 9.47965
145 144 143 142 139 123 122 0.188202 9.27079
149 148 147 146 121 120 133 1.2281 8.27258
150 145 122 121 146 151 0.439438 9.39183
151 146 147 152 153 0.831455 9.42742
140 139 142 154 0.074738 9.76902
156 155 148 149 2.35791 8.45395
158 157 152 147 148 155 1.82386 8.83189
156 149 133 134 138 159 2.53899 7.96671
153 152 157 160 161 1.39119 9.58021
165 164 163 162 160 157 158 2.16006 9.49358
165 158 155 156 159 166 167 168 3.00661 8.76701
171 163 164 169 170 2.58055 9.77786
168 175 174 173 172 169 164 165 2.81084 9.63261
135 132 108 101 100 2.87215 6.35483
99 176 136 135 100 3.31068 6.85838
104 179 178 177 176 99 98 4.29373 6.54953
177 183 182 181 180 137 136 176 4.29582 7.62746
189 188 183 177 178 187 186 184 185 4.86435 7.64247
166 159 138 137 180 3.58201 7.98584
192 191 175 168 167 190 3.08223 9.20434
193 174 175 191 194 3.02461 9.70809
161 160 162 195 1.82107 9.81188
197 190 167 166 180 181 196 3.88274 8.28323
198 182 183 188 4.58311 7.97764
203 202 201 199 200 8.71316 9.70938
205 204 206 202 203 7.82566 9.67142
210 209 208 207 201 202 206 8.43654 9.0139
196 181 182 198 4.19965 8.14086
214 213 211 212 9.85477 4.39025
216 215 217 218 213 214 9.65254 5.38713
222 221 220 219 211 213 218 9.22593 4.39019
224 223 179 104 105 5.16697 6.24286
226 225 114 115 6.09772 0.193551
228 227 229 230 225 226 6.80148 0.267391
109 110 114 225 230 6.04592 0.681132
234 233 232 231 90 91 6.3199 1.96059
85 84 90 231 5.68888 2.52575
91 92 109 230 229 235 234 6.37592 1.18738
231 232 236 237 238 86 85 6.05036 3.2115
241 240 239 236 232 233 7.22765 2.65301
86 238 242 103 89 83 5.22686 4.35072
243 106 102 103 242 5.29055 5.25011
245 244 246 247 248 249 250 251 7.67474 5.47593
253 252 244 245 6.69629 5.3153
243 242 238 237 254 246 244 252 6.13885 4.55965
243 252 253 255 224 105 106 5.75211 5.70167
254 237 236 239 6.69904 3.819
233 234 235 256 257 258 241 7.6532 1.39322
229 227 261 260 259 256 235 7.30452 0.519615
267 266 265 264 263 262 257 256 259 8.13186 0.652173
269 268 267 259 260 270 7.75662 0.158007
271 266 267 268 272 273 7.92125 0.183237
275 265 266 271 274 8.01018 0.117315
278 277 263 264 276 8.88824 0.270875
280 279 262 263 277 9.27992 0.962249
283 282 279 280 281 9.80269 1.33229
285 284 258 257 262 279 282 8.84694 1.51844
287 286 288 285 282 283 9.76355 2.26101
281 280 277 278 289 9.71543 0.277485
290 240 241 258 284 8.31334 2.2795
290 221 222 247 246 254 239 240 8.16621 3.96863
220 221 290 284 285 288 9.03623 2.77649
291 219 220 288 286 9.52851 3.08005
212 211 219 291 292 9.73294 3.71299
294 200 199 293 9.625 9.6875
293 199 201 207 295 296 9.65895 8.85796
270 260 261 297 7.52683 0.0772011
297 261 227 228 7.15285 0.11788
247 222 218 217 248 8.54474 5.47288
179 223 298 187 178 5.27637 6.83155
255 300 299 298 223 224 5.89436 6.37287
253 245 251 301 300 255 6.66113 5.95803
303 302 299 300 301 6.4349 6.59999
302 303 304 305 306 307 6.61472 7.82945
251 250 308 304 303 301 7.11506 6.78893
302 307 310 309 186 187 298 299 5.72868 7.36388
311 184 186 309 5.26387 7.78006
314 313 310 307 306 312 6.11079 8.14458
315 311 309 310 313 5.62234 7.99401
185 184 311 315 5.28418 8.04562
321 312 306 305 320 209 210 319 318 316 317 6.99373 8.9748
206 204 325 324 323 322 319 210 7.43114 9.57994
327 318 319 322 326 7.26316 9.74384
320 305 304 308 328 7.2685 8.20811
330 329 328 308 250 249 7.59689 7.04902
217 215 332 331 330 249 248 8.92968 6.26509
334 333 329 330 331 8.20122 7.16381
335 208 209 320 328 329 333 7.99462 8.25618
334 331 332 336 337 9.32275 7.14541
333 334 337 335 8.75719 7.68891
207 208 335 337 336 295 9.19214 8.26332
296 295 336 332 215 216 9.83877 7.22676
338 316 318 327 7.16533 9.70319
317 316 338 339 7.00945 9.69652
195 162 163 171 2.29138 9.92992
170 169 172 340 2.76271 9.97835
341 325 204 205 7.49643 9.95676
292 291 286 287 9.85735 3.19483
340 172 173 342 2.86492 9.98159
276 264 265 275 8.24882 0.155528
112 77 78 343 4.25056 0.0414671
342 173 174 193 2.92509 9.9228
344 144 145 150 0.244933 9.98232
326 322 323 345 7.31849 9.93764
346 79 80 82 3.98022 0.110252
154 142 143 347 0.131107 9.94626
345 323 324 348 7.34684 9.98642
343 78 79 346 4.13666 0.0201658
347 143 144 344 0.160533 9.98806
274 271 273 349 7.93852 0.00557685
348 324 325 341 7.36235 9.99659
350 272 268 269 7.86999 0.0619353
349 273 272 350 7.90729 0.00926682
