0
159
75 74
71 73
72 2
66 72
71 16
74 70
73 67
2 75
69 65
9 69
32 31
52 4
42 52
4 3
56 6
30 29
65 57
31 30
1 31
50 17
41 50
59 53
41 17
48 3
6 68
3 27
65 40
9 65
9 40
14 9
40 14
60 46
17 45
47 14
72 75
17 14
24 44
21 19
47 69
16 73
17 39
64 6
27 48
26 14
6 23
55 26
61 3
42 4
68 41
19 15
62 28
58 66
56 64
13 51
19 24
40 39
32 1
24 21
1 33
58 35
0 13
6 41
3 52
14 45
36 12
12 37
70 54
10 25
12 54
29 4
46 56
21 33
14 39
16 59
8 46
53 62
44 58
8 38
37 36
2 74
50 45
0 12
37 8
54 10
0 10
64 68
63 25
10 51
56 8
1 43
13 8
51 0
19 1
48 43
38 37
25 51
12 8
2 54
61 27
12 2
41 23
10 63
29 40
35 44
15 28
26 47
36 35
28 49
31 4
24 49
35 34
49 15
59 19
13 46
19 53
53 15
54 0
33 19
23 8
49 44
8 0
34 21
47 9
49 19
21 35
48 1
1 16
39 23
33 32
4 30
1 59
1 4
66 2
51 60
45 55
67 59
4 48
66 12
16 67
34 33
8 6
35 12
54 63
12 58
2 70
42 29
29 57
52 61
44 21
23 17
57 42
13 60
39 38
15 62
38 23
57 40
14 55
71 1
43 71
89
0 10 51 1.0078 0.580735
8 46 56 3.09904 0.439368
0 12 54 1.36135 2.27099
54 10 0 0.591134 1.41407
10 25 51 0.610157 0.300804
2 54 12 0.974755 2.96501
0 13 8 2.04019 0.755386
10 63 25 0.193491 0.71747
37 8 38 4.01571 2.52868
8 13 46 2.47588 0.475455
12 37 36 3.38636 3.58037
37 12 8 3.31275 2.68641
3 52 61 9.62557 8.29176
35 44 58 1 4.58333
58 66 12 0.963709 3.44939
8 12 0 2.37706 1.87702
14 55 26 9.175 0.268207
35 12 36 3.05303 4.15772
24 21 19 2.27482 7.58156
24 44 21 1.55838 6.38942
15 28 49 0.655866 8.84431
49 19 15 1.37231 8.36978
59 19 1 3.53788 9.31745
19 53 15 2.20564 9.20312
21 33 19 2.94912 7.36189
44 24 49 0.659039 6.63035
35 34 21 2.98866 5.92574
14 45 55 8.34166 0.268207
59 1 16 4.33136 9.74808
32 1 33 4.57144 7.70266
48 1 4 6.63754 8.92534
19 33 1 3.62121 8.22813
16 67 59 4.21825 9.9561
33 21 34 3.32199 6.50309
21 44 35 1.89934 5.5924
15 62 28 1.07253 9.67764
23 8 6 4.31472 0.793164
10 54 63 0.193491 1.5508
23 17 39 5.78135 1.60096
6 41 23 4.96568 0.353796
42 29 57 9 4.58333
39 38 23 5.41544 2.36348
71 1 43 4.80061 9.79198
2 70 54 0.011046 2.74478
17 14 39 6.95757 1.59501
23 38 8 4.43115 1.71353
26 47 14 9.59166 1.10154
14 17 45 7.45757 0.505692
13 60 46 2.08517 0.0360871
40 14 9 8.45211 2.47078
40 9 65 8.86044 3.24424
3 27 48 8.79224 9.54176
27 3 61 9.62557 9.1251
40 39 14 7.16901 2.69086
17 23 41 5.44802 0.511646
53 19 59 2.79978 9.52547
17 41 50 5.78258 0.237485
49 24 19 1.37548 7.82248
68 41 6 4.7794 0.0796345
35 58 12 1.96371 4.07439
17 50 45 6.61591 0.237485
31 4 1 6.13754 7.83603
13 51 60 1.66851 0.0360871
15 53 62 1.90587 9.67764
0 51 13 1.44115 0.316019
65 57 40 8.91068 3.625
30 29 4 7.14345 6.13336
8 56 6 3.81595 0.519002
48 43 1 5.73811 9.79198
57 29 40 7.91068 4.25
42 4 29 8.23277 5.80003
3 48 4 8.02501 8.67513
4 42 52 9.23277 6.63336
30 4 31 6.81012 6.71071
4 52 3 8.85834 7.84179
32 31 1 5.23811 7.70266
9 69 65 9.94976 2.8484
14 47 9 9.54142 1.97078
12 66 2 0.974755 3.17334
6 56 64 4.25857 0.0796345
16 73 67 4.47867 9.9561
6 64 68 4.57107 0.0796345
9 47 69 9.94976 2.64007
2 74 70 0.011046 2.87499
1 71 16 4.64386 9.74808
2 66 72 0.011046 3.0052
16 71 73 4.58284 9.9561
2 75 74 0.011046 2.91406
2 72 75 0.011046 2.9401
