121
0.555556 0.555556
0 0.555556
0.555556 0
0 0
1.66667 0.555556
1.66667 0
0.555556 1.66667
0 1.66667
1.66667 1.66667
2.77778 0.555556
2.77778 0
2.77778 1.66667
3.88889 0.555556
3.88889 0
0.555556 2.77778
1.66667 2.77778
0.555556 3.88889
0 3.88889
0 2.77778
0.555556 5
0 5
1.66667 3.88889
2.77778 2.77778
2.77778 3.88889
1.66667 5
0.555556 6.11111
1.66667 6.11111
3.88889 1.66667
5 0.555556
5 0
3.88889 2.77778
5 1.66667
6.11111 0.555556
6.11111 0
5 2.77778
3.88889 3.88889
2.77778 5
3.88889 5
5 3.88889
6.11111 2.77778
6.11111 1.66667
5 5
3.88889 6.11111
5 6.11111
6.11111 3.88889
2.77778 6.11111
0.555556 7.22222
0 7.22222
0 6.11111
1.66667 7.22222
2.77778 7.22222
3.88889 7.22222
1.66667 8.33333
0.555556 8.33333
2.77778 8.33333
0.555556 9.44444
0 9.44444
0 8.33333
0.555556 10
0 10
1.66667 9.44444
2.77778 9.44444
1.66667 10
3.88889 8.33333
5 7.22222
5 8.33333
6.11111 6.11111
6.11111 5
3.88889 9.44444
2.77778 10
3.88889 10
5 9.44444
6.11111 8.33333
6.11111 7.22222
5 10
6.11111 9.44444
7.22222 0.555556
7.22222 0
7.22222 1.66667
8.33333 1.66667
8.33333 0.555556
8.33333 0
9.44444 0.555556
9.44444 0
7.22222 2.77778
7.22222 3.88889
8.33333 2.77778
8.33333 3.88889
7.22222 5
7.22222 6.11111
9.44444 1.66667
10 0.555556
10 0
9.44444 2.77778
10 1.66667
10 2.77778
9.44444 3.88889
8.33333 5
9.44444 5
10 3.88889
10 5
9.44444 6.11111
10 6.11111
8.33333 6.11111
7.22222 7.22222
8.33333 7.22222
7.22222 8.33333
6.11111 10
7.22222 9.44444
8.33333 8.33333
8.33333 9.44444
7.22222 10
9.44444 7.22222
9.44444 8.33333
10 7.22222
10 8.33333
9.44444 9.44444
8.33333 10
9.44444 10
10 9.44444
10 10
220
120 118
119 120
116 119
117 118
114 115
115 113
102 114
114 112
113 112
112 101
107 111
110 108
109 110
55 53
56 55
87 85
53 46
51 42
50 51
48 20
83 92
46 25
52 54
36 45
110 116
100 102
116 113
43 41
30 34
37 42
59 58
81 83
86 93
37 41
46 49
54 63
89 88
44 39
105 103
25 48
34 38
37 35
49 26
23 35
40 31
19 16
29 33
49 50
5 4
26 45
110 117
32 28
96 93
27 31
45 42
111 108
6 14
26 24
5 10
7 6
118 116
19 24
12 9
96 99
119 115
2 5
8 11
17 20
3 1
79 86
91 94
11 9
17 16
20 19
49 52
69 70
105 112
79 90
40 32
0 2
1 0
50 45
76 32
10 13
27 12
24 36
65 64
73 66
18 17
117 111
43 66
6 0
98 100
48 47
15 8
41 38
62 60
24 21
21 15
10 9
89 103
11 22
71 68
19 25
34 31
14 18
13 29
82 80
72 106
33 77
22 15
51 64
104 89
22 23
8 4
55 60
33 32
6 8
23 21
30 27
36 37
54 61
28 12
38 35
63 51
29 28
70 74
22 30
78 76
9 4
97 103
36 23
4 0
11 27
97 87
53 57
38 44
57 56
57 47
58 55
100 99
102 101
42 43
56 59
60 52
77 76
61 60
52 53
58 62
64 43
63 65
47 46
66 67
54 50
108 106
88 97
69 62
61 68
78 79
68 63
61 69
98 96
90 82
65 71
65 72
72 73
70 68
73 64
31 28
71 75
67 41
74 71
104 105
16 14
75 72
34 39
67 44
40 78
35 30
80 76
18 7
81 80
77 81
83 82
39 84
84 78
16 21
44 85
99 95
86 84
86 87
87 96
67 88
88 85
25 26
95 93
39 40
79 80
66 89
1 7
92 91
13 12
93 90
94 90
94 95
85 84
97 98
101 98
91 82
103 101
109 113
73 104
106 104
107 75
74 107
105 109
75 108
2 3
14 15
109 106
100
3 2 0 1 0.277778 0.277778
5 4 0 2 1.11111 0.277778
1 0 6 7 0.277778 1.11111
8 6 0 4 1.11111 1.11111
10 9 4 5 2.22222 0.277778
11 8 4 9 2.22222 1.11111
13 12 9 10 3.33333 0.277778
15 14 6 8 1.11111 2.22222
18 14 16 17 0.277778 3.33333
7 6 14 18 0.277778 2.22222
17 16 19 20 0.277778 4.44444
15 21 16 14 1.11111 3.33333
15 8 11 22 2.22222 2.22222
21 15 22 23 2.22222 3.33333
24 19 16 21 1.11111 4.44444
26 25 19 24 1.11111 5.55556
12 27 11 9 3.33333 1.11111
29 28 12 13 4.44444 0.277778
30 22 11 27 3.33333 2.22222
28 31 27 12 4.44444 1.11111
33 32 28 29 5.55556 0.277778
34 30 27 31 4.44444 2.22222
35 23 22 30 3.33333 3.33333
36 24 21 23 2.22222 4.44444
37 36 23 35 3.33333 4.44444
35 30 34 38 4.44444 3.33333
40 39 34 31 5.55556 2.22222
38 41 37 35 4.44444 4.44444
43 42 37 41 4.44444 5.55556
39 44 38 34 5.55556 3.33333
42 45 36 37 3.33333 5.55556
32 40 31 28 5.55556 1.11111
45 26 24 36 2.22222 5.55556
48 25 46 47 0.277778 6.66667
20 19 25 48 0.277778 5.55556
26 49 46 25 1.11111 6.66667
45 50 49 26 2.22222 6.66667
42 51 50 45 3.33333 6.66667
46 49 52 53 1.11111 7.77778
50 54 52 49 2.22222 7.77778
57 53 55 56 0.277778 8.88889
47 46 53 57 0.277778 7.77778
59 56 55 58 0.277778 9.72222
52 60 55 53 1.11111 8.88889
60 52 54 61 2.22222 8.88889
58 55 60 62 1.11111 9.72222
63 54 50 51 3.33333 7.77778
43 64 51 42 4.44444 6.66667
64 65 63 51 4.44444 7.77778
67 66 43 41 5.55556 5.55556
68 61 54 63 3.33333 8.88889
62 60 61 69 2.22222 9.72222
69 61 68 70 3.33333 9.72222
68 63 65 71 4.44444 8.88889
73 72 65 64 5.55556 7.77778
70 68 71 74 4.44444 9.72222
72 75 71 65 5.55556 8.88889
66 73 64 43 5.55556 6.66667
44 67 41 38 5.55556 4.44444
77 76 32 33 6.66667 0.277778
78 40 32 76 6.66667 1.11111
80 79 78 76 7.77778 1.11111
81 80 76 77 7.77778 0.277778
83 82 80 81 8.88889 0.277778
84 39 40 78 6.66667 2.22222
84 85 44 39 6.66667 3.33333
84 78 79 86 7.77778 2.22222
85 84 86 87 7.77778 3.33333
88 67 44 85 6.66667 4.44444
89 66 67 88 6.66667 5.55556
82 90 79 80 8.88889 1.11111
91 82 83 92 9.72222 0.277778
93 86 79 90 8.88889 2.22222
94 90 82 91 9.72222 1.11111
95 93 90 94 9.72222 2.22222
96 87 86 93 8.88889 3.33333
97 88 85 87 7.77778 4.44444
98 97 87 96 8.88889 4.44444
99 96 93 95 9.72222 3.33333
100 98 96 99 9.72222 4.44444
102 101 98 100 9.72222 5.55556
101 103 97 98 8.88889 5.55556
103 89 88 97 7.77778 5.55556
104 73 66 89 6.66667 6.66667
103 105 104 89 7.77778 6.66667
106 72 73 104 6.66667 7.77778
74 71 75 107 5.55556 9.72222
106 108 75 72 6.66667 8.88889
106 104 105 109 7.77778 7.77778
108 106 109 110 7.77778 8.88889
107 75 108 111 6.66667 9.72222
101 112 105 103 8.88889 6.66667
113 109 105 112 8.88889 7.77778
114 112 101 102 9.72222 6.66667
115 113 112 114 9.72222 7.77778
116 110 109 113 8.88889 8.88889
111 108 110 117 7.77778 9.72222
117 110 116 118 8.88889 9.72222
118 116 119 120 9.72222 9.72222
119 116 113 115 9.72222 8.88889
