354
0.480047 1.5625
0.175806 2.1875
0.492712 1.5549
0.957513 2.55614
0.5865 2.69474
0.508516 2.66276
0.500174 2.65625
0 2.1875
0 1.5625
0.140185 0.9375
0 0.9375
0.493271 1.03323
0.506182 1.53755
0.04129 0.3125
0 0.3125
0.625 0.139395
0.625 0
0 0
1.40625 0.0234804
1.40625 0
0.814415 0.479828
0.846129 0.572145
2.18986 1.73719
1.9679 0.993643
2.1875 1.15111
2.19131 1.15579
2.28163 1.36746
2.24402 1.66798
1.86706 2.55458
0.020388 2.96875
0.235473 3.4375
0.481146 3.49129
0 2.96875
0 2.65625
2.72383 1.89788
3.47306 3.049
3.33482 3.33482
2.80273 3.46207
2.04951 3.38406
2.01771 3.36388
3.6215 2.03252
3.7253 1.55395
3.0411 1.05559
1.71875 0.323357
0.686229 3.8061
1.73551 3.57191
1.71875 0
2.1875 0
3.4375 0.111073
3.4375 0
3.73532 0.702102
4.375 0.739969
4.375 0
5.625 0.627823
5.625 0
4.47603 0.832853
4.46338 0.824056
3.3746 0.8669
0.57974 4.27699
0.740055 4.63064
0.565713 4.0625
1.42597 4.79486
0.143578 4.53125
0.0752114 4.84375
0.420717 5.11412
0.616016 4.87486
0 4.53125
0 4.0625
0 3.4375
1.68649 5.16971
2.42369 4.78588
2.47439 4.6773
1.05037 5.34008
1.67747 5.215
2.91025 5.55995
3.13397 5.5
2.65582 4.63983
3.06699 4.75
3 5
3.10259 4.22364
3.20096 4.25
2.73992 5.81494
1.93409 5.96418
1.76282 5.84897
3.63397 3.63397
3.26795 4
0.307984 5.49825
0.673637 5.59795
0 4.84375
0.111508 5.625
0 5.625
3.883 2.74781
3.90261 2.72528
3.66141 2.05352
2.8125 0.122628
2.8125 0
3.04018 0.1611
3.98575 2.96477
4.0625 3.2512
4 3.26795
4.58872 1.69171
4.93454 2.18499
4.82992 2.3049
4.19457 2.69628
4.80194 2.76083
4.62342 3.0946
4.33278 2.95631
5.40376 2.49314
5.25 3.06699
5.24552 2.23574
4.875 3.03349
5 3
4.1397 3.16431
4.21651 3.20097
4.34398 3.05171
0.462557 6.5625
0 6.5625
0.487146 6.52253
1.09338 6.29787
1.1943 6.13856
9.39243 0.625
8.75 0.219921
9.65714 1.875
9.52089 1.99221
8.89323 2.04914
8.33362 1.44353
8.45114 0.608829
8.50255 0.49271
8.75 0
10 0.625
10 0
10 1.875
4.625 3.10048
4.375 3.16747
2.1875 9.96309
2.1875 10
2.38915 9.60245
2.69036 9.48391
2.8125 9.66894
2.8125 10
3.4375 9.8158
3.49179 9.75907
3.27758 9.29183
2.73459 9.317
3.4375 10
4.15625 3.22608
9.90016 3.28125
10 3.28125
9.44451 3.24711
9.42643 3.13576
9.63345 2.8125
10 2.8125
8.73487 2.40361
8.74472 2.82523
9.0625 9.71666
9.0625 10
9.1124 9.58926
9.6875 9.95594
9.6875 10
9.0897 9.21767
8.45149 9.20111
8.13006 9.40295
8.4375 9.95418
9.91715 9.6875
9.48593 9.0625
9.32362 8.98989
6.01517 1.58713
5.97162 0.98722
5.96443 0.938612
5.65603 0.64935
6.323 3.49399
6.76889 3.40888
6.16012 3.29084
6.23934 2.98263
6.35505 2.80495
6.63597 2.72716
6.74091 2.77931
6.82097 3.54505
6.54904 3.81699
6.27452 3.54247
6.09151 3.35946
0.482541 7.03125
1.46544 7.20243
0.915936 7.70698
0.54425 7.19733
0 7.03125
2.20778 7.06568
2.31447 7.12265
3.16915 6.90973
3.19834 6.80166
0.860681 8.0519
1.75731 8.55694
2.35819 8.39098
3.63397 6.36603
3.26795 6
0.0139237 7.42187
0 7.42188
0.269551 8.125
0 8.125
0.710265 8.1508
0.283637 7.26562
0.423779 9.375
0 9.375
0 7.26563
1.60947 9.26651
1.46543 9.45059
0.625 9.59314
2.60719 8.50243
1.5625 9.70453
3.85657 8.19438
3.85861 8.19293
3.8837 8.06034
3.76855 7.59493
1.5625 10
0.625 10
0 10
5.88456 3.19878
5.66976 3.00043
5.60147 2.63095
5.875 3.23446
6 3.26795
5.625 3.16747
10 9.6875
10 10
6.40625 0.0388438
6.40625 0
6.82191 0.620536
6.84699 0.570428
6.71875 0.27349
4.14869 7.17713
4.25 6.79904
4 6.73205
8.4375 10
7.8125 9.55148
7.8125 10
7.95887 9.4104
4.57992 7.06778
4.625 6.89952
5.10089 7.55637
4.897 7.27259
4.76033 7.14206
9.6207 6.875
10 6.875
9.60982 6.86735
9.44975 6.18749
9.72803 5.625
10 5.625
8.11052 7.14412
8.56477 7.93457
9.3514 8.24415
9.537 8.125
8.44498 6.07135
7.79639 6.93432
9.7972 3.55469
10 3.55469
9.39525 3.62322
9.3828 3.67187
10 3.67188
9.62726 4.375
10 4.375
9.4633 4.27511
9.25874 3.98582
8.49515 3.0452
8.27711 3.74646
8.51875 3.93477
3.80096 9.61258
3.64891 9.01152
4.19177 9.74448
4.375 9.86871
4.375 10
4.01259 8.31946
4.01023 8.31544
4.86974 9.39097
5.13233 8.46503
5.57088 8.26622
5.36761 7.57001
4.96281 9.37999
5.625 9.54258
5.625 10
5.58769 8.27775
5.90657 9.26796
5.8954 9.31564
4.90397 7.23337
4.91477 7.0056
4.89811 6.97399
4.87966 6.98035
4.76357 7.13237
5.6066 7.26388
5.5 6.86603
4.96875 6.99163
5 7
6.36663 1.82652
7.21125 1.61721
7.18982 1.41482
7.20094 1.07946
7.1875 0.311564
7.62024 1.93671
7.61603 1.99074
7.14946 2.68366
7.58772 3.06144
7.90461 2.85135
7.83511 2.22563
7.44587 3.9847
7.80737 3.73547
9.61674 5.49312
8.99115 4.82868
8.96592 5.34856
7.30882 4.38135
6.86603 4.5
6.73205 4
4.8125 6.94976
7.63354 4.95737
8.37114 4.62734
8.30062 8.37364
10 9.0625
10 8.125
8.13138 2.4183
8.1391 2.82635
7.1875 0
6.71875 0
9.95327 3.49609
9.99478 3.45703
8.45717 4.73338
8.5664 5.51486
7.63019 5.08919
8.49383 5.59187
7.24657 5.60197
6.86603 5.5
7 5
4.92188 6.97907
6.875 9.78917
6.9772 9.68495
6.67044 8.65726
6.67291 8.656
7.04589 8.76877
6.875 10
7.52119 8.67327
7.39654 8.61648
7.6257 6.93073
7.37098 7.05888
7.15661 7.07892
7.07613 7.07613
6.36603 6.36603
6.73205 6
6.70009 7.25374
6.30784 8.00742
6.65973 8.59678
6 6.73205
5.6917 8.25653
4.21875 3.20934
4.88281 6.9686
4.89844 6.97279
10 3.45703
10 3.49609
523
353 352
353 320
203 196
352 321
329 351
351 284
310 350
350 285
133 349
336 313
338 252
348 345
279 348
347 288
342 347
287 344
345 346
344 345
341 344
343 327
351 350
349 113
341 342
340 341
339 340
338 339
326 338
337 334
330 335
233 331
333 334
332 333
280 332
330 281
331 330
335 234
327 326
322 323
305 322
321 146
320 321
317 300
319 228
318 295
262 317
315 314
250 315
314 164
313 248
160 313
311 312
307 311
237 310
310 286
178 309
307 302
308 307
306 304
305 306
260 305
259 246
304 258
303 299
312 322
302 303
177 302
299 300
125 296
298 176
297 298
296 297
292 296
148 149
146 148
2 3
181 115
58 60
143 137
222 314
282 283
226 294
319 225
147 146
133 114
265 141
136 137
233 235
130 128
97 91
128 121
8 10
76 77
90 116
94 25
13 15
117 89
33 32
111 108
107 109
30 31
269 278
108 107
106 103
100 55
145 349
45 61
68 30
333 346
102 103
101 102
13 9
170 179
99 98
46 19
98 97
84 85
57 96
219 221
29 30
95 94
93 40
112 113
92 93
90 88
323 306
89 90
193 231
132 110
279 280
263 303
245 304
84 99
86 89
60 44
87 86
311 324
85 80
73 69
117 118
135 134
208 134
67 66
337 339
266 265
36 84
141 142
18 43
251 252
195 197
82 83
264 261
81 82
72 73
79 37
301 297
78 75
71 76
75 74
186 187
324 325
71 38
138 139
317 316
32 29
31 4
5 29
19 18
51 52
145 112
176 171
28 22
3 28
49 48
34 35
41 56
24 25
21 23
267 268
43 23
197 198
74 81
123 124
21 20
35 36
58 62
11 21
180 172
204 205
27 34
326 324
16 19
37 38
47 95
0 8
142 143
129 131
147 352
86 64
53 55
250 241
325 323
7 1
91 92
140 141
65 59
249 165
219 220
69 70
27 22
235 336
52 49
189 193
3 4
285 286
0 2
15 16
334 331
23 24
131 122
65 72
61 69
196 195
6 1
115 117
150 123
256 257
14 13
97 112
329 283
129 130
244 245
214 213
121 120
56 51
1 0
110 111
103 92
10 9
150 151
93 100
243 244
9 11
137 138
173 216
132 133
127 121
20 15
46 43
134 136
164 165
246 242
261 256
328 327
11 12
120 129
41 42
240 236
59 58
336 337
154 156
25 26
74 70
163 164
144 140
26 27
39 28
83 73
191 204
143 207
202 201
4 5
125 126
17 14
35 91
186 82
241 243
100 101
8 7
118 119
162 154
185 203
113 114
36 37
48 96
44 45
31 44
105 106
197 199
38 39
50 57
40 41
342 343
108 221
42 26
80 79
105 132
88 63
52 54
169 53
262 263
122 123
102 104
55 56
5 6
45 39
24 47
62 63
274 275
48 50
346 340
258 260
50 51
335 278
257 254
76 79
173 174
263 264
77 80
234 233
57 42
120 122
124 152
70 71
34 40
225 224
18 20
61 59
268 269
54 53
215 202
284 285
63 64
276 273
64 65
6 33
98 145
203 200
308 328
270 272
126 127
222 163
149 150
171 170
151 147
153 149
124 125
151 131
251 325
282 289
155 154
252 247
156 157
77 78
157 163
157 158
158 155
156 159
159 160
272 276
287 275
254 353
139 144
160 161
165 159
167 168
168 169
95 49
138 140
172 173
128 318
174 175
175 176
309 308
187 188
231 230
96 94
178 177
198 202
177 171
179 178
83 119
118 182
242 315
255 256
67 68
107 218
12 2
184 181
205 208
104 110
212 188
185 181
116 185
216 219
182 186
188 189
220 180
332 348
114 106
273 274
265 267
318 319
291 166
192 187
257 259
300 301
183 190
194 75
198 196
199 190
184 200
22 12
200 195
201 199
14 10
206 201
191 192
153 262
109 166
104 105
204 136
316 152
298 299
286 240
162 232
72 87
16 17
207 192
68 32
245 246
271 273
119 87
207 209
209 210
210 211
211 212
213 135
213 208
206 214
214 215
217 218
218 174
253 320
221 217
116 115
289 290
158 223
183 184
211 238
54 225
168 226
190 191
228 224
277 276
301 316
152 153
224 169
230 229
270 271
216 217
272 268
229 212
232 155
235 161
33 7
232 234
179 180
237 236
236 229
223 222
230 237
66 88
238 239
170 172
239 240
242 241
290 288
227 228
243 247
312 264
139 135
66 62
247 248
248 249
182 183
249 250
226 227
292 293
244 251
254 253
166 167
275 238
253 255
259 258
260 261
255 148
142 266
161 162
269 144
267 270
271 210
289 329
209 266
278 277
274 279
280 281
109 101
281 277
189 81
239 282
288 287
205 206
193 194
283 284
175 291
60 67
291 292
293 167
294 293
294 126
127 295
47 46
295 227
169
1 0 2 3 4 5 6 0.545804 2.21518
8 0 1 7 0.175724 1.82668
10 9 11 12 2 0 8 0.242062 1.26746
17 16 15 13 14 0.271351 0.121864
19 18 20 15 16 0.94071 0.16316
21 11 9 13 15 20 0.424295 0.574892
22 12 11 21 23 24 25 26 27 1.34001 1.22393
28 3 2 12 22 1.3538 2.04849
31 30 29 5 4 0.341867 3.07769
33 6 5 29 32 0.172981 2.76443
22 27 34 35 36 37 38 39 28 2.57753 2.70631
42 41 40 34 27 26 3.00923 1.57329
23 21 20 18 43 1.41872 0.507953
39 45 44 31 4 3 28 1.22082 3.13297
47 24 23 43 46 1.99172 0.463456
52 51 50 48 49 3.96741 0.335334
54 53 55 56 51 52 4.97191 0.369891
41 42 57 50 51 56 3.75821 1.05003
59 58 60 44 45 61 1.13913 4.17103
65 64 63 62 58 59 0.41227 4.69292
67 60 58 62 66 0.250576 4.25939
68 30 31 44 60 67 0.29752 3.76803
38 71 70 69 61 45 39 1.92975 4.35612
73 72 65 59 61 69 1.13359 4.99213
75 74 70 71 76 77 78 2.81485 5.03927
37 79 76 71 38 2.58683 3.97216
77 76 79 80 2.97688 4.51274
69 70 74 81 82 83 73 2.25011 5.43516
80 79 37 36 84 85 3.19539 3.70673
86 64 65 72 87 0.645407 5.28514
88 63 64 86 89 90 0.164176 5.24328
93 92 91 35 34 40 3.39477 2.40645
95 94 25 24 47 2.41573 0.391238
96 57 42 26 25 94 2.79086 0.768689
48 50 57 96 3.39273 0.464236
99 84 36 35 91 97 98 3.71045 3.19818
55 100 93 40 41 56 4.15297 1.51378
92 93 100 101 102 103 4.2765 2.21248
103 102 104 105 106 4.55882 2.72373
111 110 104 102 101 109 107 108 5.08006 2.61724
106 114 113 112 97 91 92 103 4.13437 2.91992
90 89 117 115 116 0.173804 6.19235
87 119 118 117 89 86 0.620757 6.00172
121 120 122 123 124 125 126 127 8.97783 1.21151
130 129 120 121 128 9.4571 0.277035
131 122 120 129 9.75625 1.19198
132 105 104 110 4.76554 2.96536
133 114 106 105 132 4.44371 3.07368
135 134 136 137 138 139 2.54758 9.7916
143 142 141 140 138 137 3.0888 9.53201
139 138 140 144 3.09531 9.8677
98 97 112 145 4.07273 3.14221
147 146 148 149 150 151 9.75149 3.05663
153 152 124 123 150 149 9.19559 2.52955
151 150 123 122 131 9.78798 2.32961
155 154 156 157 158 9.29535 9.85732
162 161 160 159 156 154 8.65466 9.52292
165 164 163 157 156 159 9.46463 9.47763
53 169 168 167 166 109 101 100 55 5.24465 1.37034
49 48 96 94 95 3.11628 0.069766
171 170 172 173 174 175 176 6.4922 3.12647
179 170 171 177 178 6.56403 3.58182
180 172 170 179 6.20733 3.41615
119 87 72 73 83 1.28998 5.65189
181 115 117 118 182 183 184 0.927218 6.96843
116 115 181 185 0.23631 6.79853
186 182 118 119 83 82 1.66329 6.55223
81 189 188 187 186 82 2.53885 6.47465
192 191 190 183 182 186 187 1.72082 7.81671
194 193 189 81 74 75 3.14876 6.13599
196 195 197 198 0.0900781 7.87911
200 184 183 190 199 197 195 0.481076 7.70013
198 197 199 201 202 0.28904 8.70114
14 13 9 10 0.0498599 0.681766
185 181 184 200 203 0.24625 7.14383
190 191 204 205 206 201 199 1.06573 8.88518
207 143 137 136 204 191 192 2.21006 8.99567
134 208 205 204 136 1.90696 9.61399
188 212 211 210 209 207 192 187 3.00845 7.7365
214 206 205 208 213 1.10712 9.76132
202 201 206 214 215 0.29789 9.70177
173 216 217 218 174 5.93262 2.89636
220 219 216 173 172 180 6.08074 3.18313
221 217 216 219 5.73848 3.13595
223 158 157 163 222 9.88051 9.87454
225 224 169 53 54 5.90029 0.224462
228 227 226 168 169 224 6.28223 0.519086
230 229 212 188 189 193 231 3.71501 6.96436
232 162 154 155 8.82516 9.90343
234 233 235 161 162 232 8.07166 9.74763
237 236 229 230 4.3751 6.98615
240 239 238 211 212 229 236 4.37129 7.52712
242 241 243 244 245 246 9.77287 6.27202
250 249 248 247 243 241 9.00449 7.50805
252 251 244 243 247 8.7413 6.6159
257 256 255 253 254 9.73641 3.62208
259 258 260 261 256 257 9.67843 4.00415
264 263 262 153 149 148 255 256 261 8.88323 3.45845
265 141 142 266 3.55497 9.40452
144 140 141 265 267 268 269 3.88216 9.84878
142 143 207 209 266 3.20386 8.77349
210 271 270 267 265 266 209 3.91914 9.0377
268 267 270 272 4.37331 9.21693
211 238 275 274 273 271 210 4.82034 8.05582
276 272 270 271 273 4.69322 8.7492
269 268 272 276 277 278 5.05814 9.74376
277 276 273 274 279 280 281 5.42723 8.97007
286 285 284 283 282 239 240 4.85732 7.12105
288 287 275 238 239 282 289 290 5.25829 7.22439
213 208 134 135 1.79397 9.90014
291 175 174 218 107 109 166 5.99077 2.26243
293 292 291 166 167 6.50449 1.44885
108 107 218 217 221 5.4755 2.86968
293 167 168 226 294 6.69783 1.00457
295 127 126 294 226 227 7.54899 0.643914
175 291 292 296 297 298 176 6.96778 2.15859
296 292 293 294 126 125 7.81065 1.277
301 300 299 298 297 7.58411 2.56977
303 302 177 171 176 298 299 7.23549 3.32019
246 245 304 258 259 9.81318 4.99403
306 305 260 258 304 9.34222 4.94528
309 178 177 302 307 308 7.00884 4.03415
310 286 240 236 237 4.69664 7.01553
263 264 312 311 307 302 303 7.91559 4.28577
249 165 159 160 313 248 8.83093 8.62106
314 164 165 249 250 315 9.67656 8.60125
152 316 301 297 296 125 124 8.28284 2.00706
152 153 262 317 316 8.44346 2.67721
128 121 127 295 318 7.99672 0.201952
318 295 227 228 319 6.94491 0.224937
301 316 317 300 7.9933 2.5701
262 263 303 299 300 317 8.0433 3.27956
146 321 320 253 255 148 9.66428 3.4242
323 322 305 306 8.72811 5.09401
312 264 261 260 305 322 8.8709 4.35714
323 325 324 311 312 322 8.17893 5.08576
328 308 307 311 324 326 327 7.22211 4.98934
222 163 164 314 9.82481 9.29975
289 282 283 329 4.92975 7.06848
304 245 244 251 325 323 306 9.06413 5.77416
331 330 281 280 332 333 334 6.60237 9.21156
335 330 331 233 234 7.38113 9.8118
278 277 281 330 335 6.16091 9.74373
334 337 336 235 233 331 7.3954 9.19583
327 326 338 339 340 341 342 343 7.05351 6.35905
346 345 344 341 340 6.71508 7.77363
347 342 341 344 287 288 6.26682 6.93978
7 1 6 33 0.181965 2.45936
46 43 18 19 1.60753 0.108315
345 348 279 274 275 287 344 5.96005 7.67871
332 280 279 348 6.05049 8.71355
348 345 346 333 332 6.23302 8.31054
340 339 337 334 333 346 7.11412 8.03969
251 252 338 326 324 325 7.84808 5.95395
247 248 313 336 337 339 338 252 7.85324 7.80473
315 250 241 242 9.78873 7.5207
160 161 235 336 313 8.04952 8.89894
349 113 114 133 4.30902 3.14359
350 285 286 310 4.82098 7.01753
145 112 113 349 4.17396 3.19891
319 228 224 225 6.60163 0.0927737
66 62 63 88 0.0564775 4.67123
32 29 30 68 0.0790325 3.2688
329 283 284 351 4.91135 6.98574
352 321 146 147 9.96663 3.34276
203 200 195 196 0.094763 7.32015
351 284 285 350 4.88745 6.97408
254 253 320 353 9.92948 3.5315
353 320 321 352 9.98425 3.48176
