105
0.638005 3.75
0.660806 5.11202
1.90405 3.07686
2.22638 3.30074
2.09637 5.89599
2.0568 5.9298
0.215785 5.625
0 5.625
0 3.75
0.533479 1.875
0 1.875
1.89027 3.00146
0.516415 0.625
0 0.625
0.625 0.532758
0.625 0
0 0
1.5625 0.15051
1.5625 0
1.04398 0.534041
0.933754 0.582807
2.17331 1.90542
3.66947 3.53438
4.82225 2.28838
4.70198 1.30809
3.75 0.531936
2.63849 1.11691
0.937761 6.875
1.43238 7.11953
2.32502 0.726639
2.1875 0.479952
2.1875 0
3.75 0
4.75313 5.69631
3.52967 7.57919
4.88994 5.61953
4.48732 8.05614
4.48141 8.06461
3.04458 5.94027
3.04996 7.83788
4.93287 5.58932
6.25 0.289275
6.25 0
7.01143 1.01486
7.89768 1.37563
8.75 1.1504
8.75 0
8.90589 1.25
10 1.25
10 0
6.99022 3.46547
9.23285 3.40645
1.65272 8.03802
1.95147 8.10247
2.92989 7.92991
1.27123 8.43726
1.875 9.81481
2.82248 9.41654
2.625 9.84906
1.875 10
0.75 8.75
0.75 10
0 6.875
0 8.75
0 10
3.13397 9.5
3.63396 8.63397
3.26794 9
4.5 8.13397
3.99999 8.26794
2.625 10
3 10
6.46849 5.812
6.85501 3.57383
5.69821 2.57646
6.48866 5.83203
5.72664 7.28811
7.37645 6.31439
7.49782 6.30562
8.33782 6.0745
9.54925 3.75
5.5 8.13397
5 8
10 3.75
9.03092 6.25
10 6.25
7.31626 7.68374
6.36603 8.63397
6 8.26794
8.5 9.88373
8.5 10
7.83832 9.23947
6.86603 9.5
7 10
6.73205 9
8.96613 9.47376
9.17405 8.39762
9.71278 7.8125
10 7.8125
9.54685 8.18803
9.48601 9.375
9.99879 8.4375
10 9.375
10 10
10 8.4375
152
102 104
102 103
100 101
99 97
96 99
98 97
96 78
95 96
92 94
86 91
93 90
92 93
7 62
88 87
86 77
87 86
84 79
85 84
81 82
43 74
103 90
50 73
79 80
78 79
77 78
75 77
75 76
74 23
73 74
40 72
31 18
59 70
71 70
65 71
34 33
95 100
48 47
60 61
100 102
32 31
43 44
31 30
76 81
29 19
25 32
46 49
27 28
45 46
26 21
85 98
3 22
51 47
21 20
11 21
15 18
63 62
8 10
32 42
20 14
90 89
47 45
91 92
89 91
35 36
94 87
19 20
24 25
60 63
54 66
14 15
0 8
12 9
5 1
59 56
6 27
101 99
17 19
3 4
28 5
52 53
81 88
29 26
0 2
23 24
65 57
41 24
6 1
98 104
2 3
15 16
4 5
10 9
76 36
13 12
57 58
9 11
72 73
11 2
33 35
97 84
67 65
82 68
25 26
18 17
22 23
30 29
55 60
16 13
33 38
36 37
1 0
35 40
80 83
4 38
40 22
42 41
89 95
41 43
72 75
46 42
54 39
49 48
83 85
44 50
39 34
50 51
83 48
17 30
7 6
12 14
28 52
80 51
55 52
69 68
53 54
56 55
53 57
104 101
8 7
58 56
37 34
61 59
62 27
61 64
64 63
38 39
66 67
13 10
68 37
44 45
66 69
70 58
48
1 0 2 3 4 5 1.49449 4.43794
8 0 1 6 7 0.307152 4.6154
10 9 11 2 0 8 0.69295 2.86805
16 15 14 12 13 0.308912 0.308841
18 17 19 20 14 15 1.01676 0.24027
21 11 9 12 14 20 1.27351 1.72222
21 26 25 24 23 22 3 2 11 3.38661 2.12791
28 27 6 1 5 1.12159 6.07524
30 29 19 17 1.70311 0.467592
32 25 26 29 30 31 2.93006 0.430125
21 20 19 29 26 1.90825 1.08913
34 33 35 36 37 4.30713 7.04057
39 38 33 34 3.64066 6.57518
4 3 22 40 35 33 38 3.24412 4.7749
46 45 44 43 41 42 7.67177 0.56911
48 47 45 46 49 9.37786 0.622045
51 50 44 45 47 8.25147 2.48875
39 54 53 52 28 5 4 38 2.32965 7.02833
56 55 52 53 57 58 2.02925 9.0142
61 60 55 56 59 1.21847 9.36868
62 27 28 52 55 60 63 0.714083 7.78805
63 60 61 64 0.375 9.375
65 57 53 54 66 67 2.83155 8.60791
13 12 9 10 0.262497 1.25339
69 66 54 39 34 37 68 3.65582 8.05749
42 41 24 25 32 4.8891 0.467507
70 58 57 65 71 2.87501 9.73495
59 56 58 70 2.23726 9.91568
31 30 17 18 1.92943 0.171961
74 73 72 40 22 23 5.39154 4.0603
40 72 75 76 36 35 5.35797 6.61821
50 51 80 79 78 77 75 72 73 7.859 4.71311
74 23 24 41 43 5.76147 1.44843
68 37 36 76 81 82 5.23754 7.80998
44 50 73 74 43 6.84829 2.23662
83 80 51 47 48 9.54489 2.38765
85 84 79 80 83 9.40642 5.22205
88 81 76 75 77 86 87 6.53144 7.25756
7 6 27 62 0.326042 6.38039
93 92 91 89 90 7.63835 9.69483
87 86 91 92 94 7.14637 8.70331
77 78 96 95 89 91 86 8.17293 8.22796
98 97 84 85 9.65509 6.88991
99 96 78 79 84 97 8.75453 7.08652
101 100 95 96 99 9.43343 8.8103
90 89 95 100 102 103 9.35834 9.72211
102 100 101 104 9.82867 9.06177
104 101 99 97 98 9.82256 8.08876
