156
0.837905 0.393831
0.997856 1.95831
1.49922 0.438773
2.13179 1.03335
1.80217 2.31116
1.63708 2.41762
0.625 0.23587
0.020052 0.625
0.768557 1.875
1.5625 0.0702093
1.5625 0
0.625 0
3.125 0.513175
2.32828 0.843884
3.97562 0.96676
4.19779 1.29689
4.31566 1.8199
4.1877 1.96847
3.26915 2.41736
2.1875 0.0383337
2.1875 0
3.125 0
4.0625 0.639189
4.0625 0
1.57968 2.58814
1.45059 3.25735
1.42889 3.4375
1.51517 4.33858
2.31793 4.28134
3.4626 3.4626
0.712605 2.65625
0 2.65625
0 1.875
0 0.625
0 0
0.160317 3.04688
0.0221131 2.94922
0.0128775 2.91016
0.0680931 2.85156
3.63397 3.63397
4.5 3.13397
4 3.26795
5.80691 1.98859
5.5 3.13397
5 3
3.13397 4.5
3.26795 4
9.50082 8.125
8.84814 7.47347
9.36204 9.375
8.75 9.8751
7.57479 8.69819
8.90125 6.25
10 6.25
10 8.125
10 9.375
2.13589 5.76744
3.13397 5.5
1.5 5.65939
1.5 4.375
3 5
0.922673 6.25
0 6.25
1.33619 5.90807
0 4.375
0 3.4375
0 3.04688
9.375 0.383289
8.125 0.422107
9.94428 1.25
9.31684 1.70336
7.94174 2.52265
7.65846 2.34154
7.39219 2.04158
7.40888 1.55686
8.125 0
9.375 0
10 1.25
10 0
2.98903 7.84923
1.02652 8.13434
3.39123 7.97189
3.34554 6.65446
0.91814 8.35074
2.91058 9.14388
3.125 9.09106
3.54225 8.62191
3.66061 8.24218
0.607084 8.75
0.625 8.78645
1.875 9.714
0.625 10
0 8.75
0 10
3.125 10
4.05103 9.40808
4.0625 9.476
4.0625 10
4.81025 9.69267
4.84375 9.69411
6.25 9.05036
6.34983 8.60475
6.28338 8.5044
5.88741 8.31184
4.16799 8.1051
1.875 10
3.63397 6.36603
4.5 6.86603
4 6.73205
3.26795 6
6.875 0.506073
6.875 0
4.45312 9.93503
4.60937 9.93326
5.5 6.86603
5 7
6.25 10
8.75 10
8.5 5.86521
8.37007 5.90301
6.91039 6.91039
4.45313 10
5.04163 0.435658
5.60726 0.266265
5.82895 1.98179
4.84375 0.146347
4.53125 0.0982225
5.625 0.238924
6.36603 3.63397
6 3.26795
4.84375 0
5.625 0
8.5 4.375
10 4.375
8.38275 4.0936
6.86603 4.5
6.86603 5.5
7 5
8.33256 3.4375
10 3.4375
4.60938 10
4.84375 10
0 2.85156
9.99781 2.65625
10 2.65625
8.30592 3.338
6.73205 4
9.57321 2.96875
10 2.96875
10 10
4.53125 0
6.36603 6.36603
6 6.73205
6.73205 6
0 2.91016
0 2.94922
226
154 155
66 155
142 154
23 150
152 114
151 152
130 150
150 126
131 111
149 55
148 144
117 149
148 147
147 143
145 147
146 135
145 71
138 145
17 40
64 65
63 58
40 41
103 104
64 62
62 61
59 64
28 29
70 71
56 58
7 8
45 60
57 56
54 55
129 128
65 26
52 48
51 48
96 112
49 50
74 68
85 86
45 28
155 36
94 105
128 146
97 121
121 140
118 132
40 44
154 37
42 16
107 115
41 39
89 88
88 92
47 49
4 5
124 42
104 107
50 51
39 29
37 38
16 17
136 153
118 119
47 54
79 81
0 6
27 28
6 7
33 7
72 73
81 82
114 103
10 9
111 110
115 114
9 2
22 14
48 47
84 90
23 22
131 130
8 1
71 72
38 30
55 49
98 99
5 1
43 42
3 13
19 13
20 10
73 74
60 57
25 26
124 73
88 83
11 34
33 32
139 148
13 12
5 24
135 134
63 79
12 21
11 10
39 46
31 30
69 70
119 136
19 9
102 103
68 67
24 25
46 45
12 14
1 0
29 18
133 53
67 69
117 116
142 38
137 135
25 35
0 2
15 16
52 118
8 32
75 68
66 35
32 31
93 91
120 102
34 33
30 24
20 19
153 151
77 144
21 20
53 52
35 36
91 89
77 69
120 151
76 78
80 61
82 56
101 102
100 101
58 59
6 11
133 139
83 84
86 87
61 63
87 81
143 70
112 113
84 85
92 62
136 137
86 95
59 27
95 96
96 97
2 3
14 15
94 85
109 106
78 77
97 94
95 98
76 75
92 93
104 87
26 27
105 90
106 82
107 108
113 98
108 106
44 43
123 124
99 100
43 129
127 123
31 142
75 111
116 100
18 4
101 51
67 76
141 116
36 37
50 117
15 122
119 120
128 72
21 23
121 112
91 105
122 123
54 53
122 125
65 66
127 131
125 126
110 74
126 22
3 4
110 127
130 125
80 83
132 133
134 132
17 18
57 109
139 138
138 134
79 80
90 89
140 113
99 141
141 140
144 143
70
1 0 2 3 4 5 1.44874 1.32565
8 7 6 0 1 0.602691 0.997205
10 9 2 0 6 11 1.10899 0.196802
13 12 14 15 16 17 18 4 3 3.04625 1.55474
21 12 13 19 20 2.65152 0.339373
23 22 14 12 21 3.6359 0.384112
18 29 28 27 26 25 24 5 4 2.3498 3.26257
32 8 1 5 24 30 31 0.685297 2.29582
34 11 6 7 33 0.264694 0.233669
30 24 25 35 36 37 38 0.914323 2.90738
9 19 13 3 2 1.94674 0.458562
33 7 8 32 0.256356 1.44774
39 29 18 17 40 41 3.85813 2.77945
44 40 17 16 42 43 4.97937 2.44062
45 28 29 39 46 3.02316 4.03654
48 47 49 50 51 8.69737 8.68155
54 47 48 52 53 9.47334 7.1165
55 49 47 54 9.7143 8.77543
57 56 58 59 27 28 45 60 2.25401 5.00867
64 59 58 63 61 62 0.718755 5.27063
65 26 27 59 64 0.736926 3.9109
66 35 25 26 65 0.628565 3.28119
68 67 69 70 71 72 73 74 8.54381 1.33944
76 67 68 75 8.73996 0.201505
77 69 67 76 78 9.74415 0.469889
63 79 80 61 1.67378 7.21198
58 56 82 81 79 63 2.54535 6.70267
87 86 85 84 83 80 79 81 2.48928 8.42022
89 88 83 84 90 1.67061 9.03178
93 92 88 89 91 0.312372 9.37526
62 61 80 83 88 92 0.474561 7.47317
94 85 86 95 96 97 3.56366 9.45329
104 103 102 101 100 99 98 95 86 87 4.89195 8.82098
105 90 84 85 94 2.60983 9.65872
108 107 104 87 81 82 106 3.83597 7.33626
106 82 56 57 109 2.96256 6.02919
75 68 74 110 111 7.47494 0.553938
113 112 96 95 98 4.44287 9.69307
114 103 104 107 115 5.02898 7.62335
116 100 101 51 50 117 7.26216 9.4053
120 119 118 52 48 51 101 102 7.71297 7.40066
97 96 112 121 4.20707 9.82295
91 89 90 105 1.12114 9.5773
16 15 122 123 124 42 5.09976 1.24333
22 126 125 122 15 14 4.46679 0.634414
127 110 74 73 124 123 6.46098 1.23095
129 43 42 124 73 72 128 6.47625 2.64486
131 127 123 122 125 130 5.23139 0.173256
53 52 118 132 133 9.26739 5.28966
135 134 132 118 119 136 137 7.78421 5.0048
133 132 134 138 139 9.19078 3.89945
140 113 98 99 141 4.75188 9.88352
141 99 100 116 5.66705 9.65861
31 30 38 142 0.239515 2.72703
144 143 70 69 77 9.7718 1.85887
20 19 9 10 1.84441 0.0279158
146 128 72 71 145 138 134 135 7.48234 3.52241
143 147 145 71 70 8.95187 2.57596
139 138 145 147 148 9.33273 3.24925
149 117 50 49 55 9.47756 9.72302
111 110 127 131 6.32471 0.194232
130 125 126 150 4.69775 0.0619314
152 151 120 102 103 114 6.19806 7.36961
153 136 119 120 151 7.23499 6.15413
148 147 143 144 9.85773 2.86405
150 126 22 23 4.23956 0.217424
121 112 113 140 4.5316 9.96707
142 38 37 154 0.0233804 2.8742
155 36 35 66 0.0543325 3.01038
154 37 36 155 0.00895078 2.93141
