0
339
130 138
118 137
125 134
124 133
103 132
136 128
90 120
49 132
121 130
122 20
35 21
38 35
132 123
123 116
116 0
49 123
21 48
35 134
114 35
134 114
102 78
21 76
77 21
76 56
122 131
19 75
7 137
75 101
56 31
5 56
119 109
48 80
128 32
80 33
0 79
102 21
115 102
104 81
33 81
31 19
26 5
26 46
19 26
19 46
43 81
81 36
9 19
74 9
125 38
78 125
124 52
113 124
38 134
52 113
133 71
72 27
9 43
27 99
130 32
48 35
100 73
73 74
29 73
99 52
27 44
44 73
97 70
32 136
38 78
34 52
27 16
34 27
16 44
12 34
97 12
12 16
114 103
115 21
68 69
29 74
74 25
45 25
9 45
40 50
80 104
45 43
60 45
30 24
8 63
62 11
41 82
39 66
61 60
16 29
70 98
62 61
60 62
18 14
14 57
6 50
38 102
0 135
44 29
106 118
25 50
6 65
11 8
19 81
62 8
83 105
3 6
43 36
71 99
6 62
53 108
56 48
31 33
3 62
8 3
127 79
50 62
19 43
11 10
64 65
126 115
65 37
5 19
43 60
24 68
35 102
6 2
86 107
33 104
34 16
51 92
135 127
95 64
107 88
10 41
107 7
65 66
96 67
37 1
91 92
63 15
24 12
119 51
41 11
4 54
94 136
21 56
34 70
37 6
26 75
32 138
39 50
122 1
7 129
108 91
1 2
127 0
97 30
51 93
51 22
123 0
108 8
116 135
66 6
117 22
121 117
76 77
51 13
92 93
63 53
55 1
57 105
48 123
47 91
39 111
130 128
121 22
79 80
40 39
89 90
26 101
55 122
13 121
50 45
96 39
80 0
81 82
55 51
99 72
47 42
81 31
89 28
14 88
84 85
92 42
74 19
0 48
112 97
95 20
66 111
93 119
17 4
30 112
17 14
82 36
54 41
128 117
1 20
2 42
8 53
61 50
13 109
55 2
6 47
25 9
110 122
28 59
97 34
47 3
40 67
22 13
85 106
60 10
94 32
4 57
138 94
92 47
5 31
100 44
101 76
22 110
42 6
52 133
3 91
23 106
105 84
111 96
31 48
20 37
7 86
98 113
64 37
31 80
109 121
55 42
30 69
91 8
88 23
15 11
82 83
24 16
110 55
69 112
59 88
88 89
29 25
18 85
23 107
11 54
46 5
59 14
4 14
48 49
89 59
90 63
58 25
37 2
63 89
53 120
14 28
101 56
77 126
63 28
11 60
56 26
87 88
117 110
23 7
42 51
23 18
18 106
131 95
90 53
129 86
12 30
121 128
57 18
34 98
28 17
15 28
45 61
68 30
14 23
118 7
11 17
17 15
15 8
120 108
72 100
54 17
60 36
39 6
21 126
36 10
82 54
18 84
137 129
57 84
52 27
103 49
20 64
49 35
35 103
54 83
52 71
83 4
118 23
105 4
119 13
10 82
113 34
20 131
67 58
58 40
67 24
22 55
24 58
25 40
74 75
107 87
96 40
44 72
16 58
67 68
29 58
201
121 22 13 0.39765 1.25229
131 95 20 2.7435 0.111134
121 13 109 0.0990908 1.29376
32 138 94 0.0499737 0.0915865
51 22 55 1.00145 1.65249
22 51 13 0.613489 1.74655
117 22 121 0.548559 0.708525
51 55 42 1.39067 2.06718
55 22 110 1.28561 0.908232
51 93 119 0.215839 2.49426
39 111 96 5.32 1.98793
93 51 92 0.549173 2.83357
91 92 47 1.60748 3.31629
30 112 97 7.93682 0.149869
8 53 108 2.18314 4.66341
47 42 6 2.53656 2.53758
3 91 47 2.204 3.46987
47 92 42 1.71791 2.85617
51 42 92 1.23695 2.70679
91 8 108 2.04868 4.3727
55 2 42 1.97164 1.87286
0 48 123 7.8841 9.61858
55 1 2 2.11397 1.41251
55 122 1 2.06716 0.862571
1 20 37 2.67882 0.912427
2 1 37 2.60712 1.35123
20 64 37 2.93802 0.832893
64 20 95 2.95781 0.444464
7 86 107 0.17419 9.44434
2 37 6 2.929 1.70909
122 55 110 1.73705 0.449707
65 37 64 3.40286 1.29911
8 3 62 2.81611 4.18464
8 91 3 2.35653 4.1156
62 3 6 3.11877 3.41599
8 62 11 3.23745 5.09243
6 65 66 4.15198 2.01474
65 6 37 3.46553 1.7365
118 23 106 1.23675 9.58346
62 6 50 4.12997 3.28796
47 6 3 2.77863 2.90726
60 62 61 4.29786 5.089
39 66 111 5.15333 2.03259
42 2 6 2.63657 2.19388
0 135 127 7.51646 9.94003
53 8 63 2.40222 5.24249
107 88 23 0.820082 7.99414
30 69 112 7.43682 0.149869
59 88 89 1.48581 6.56768
14 88 59 1.5813 7.11003
89 90 63 2.0851 5.74575
53 120 108 1.97816 4.70736
90 53 63 2.21957 5.36978
59 89 28 1.86302 6.66662
26 101 56 8.36185 6.49915
28 89 63 2.12898 6.42204
107 87 88 0.333333 7.41068
23 7 107 0.660938 9.0278
23 18 106 1.757 9.27426
86 7 129 0.29919 9.94434
18 14 57 2.56167 8.32353
14 23 88 1.49293 7.70316
28 17 14 2.37458 7.14397
14 18 23 1.92984 8.48327
28 14 59 1.95851 7.20897
18 85 106 2.27025 9.6908
28 63 15 2.49726 6.55193
23 118 7 0.910938 9.5278
15 11 17 3.28802 6.53924
15 8 11 3.14615 5.81995
54 17 11 3.83362 6.86239
17 4 14 2.80567 7.53823
11 10 41 4.38916 6.86925
10 11 60 4.44989 6.46887
10 60 36 4.82187 6.47663
54 41 82 4.66407 7.50199
8 15 63 2.63604 5.74835
54 11 41 4.34861 6.98601
84 85 18 2.85956 9.35746
18 57 84 2.97813 8.78118
84 57 105 3.4192 8.63504
103 49 35 8.63005 9.71289
4 54 83 3.96619 7.94623
54 4 17 3.62406 7.44892
83 54 82 4.49122 7.87568
83 105 4 3.68627 8.37118
14 4 57 2.93306 8.03662
98 113 34 9.72706 1.84174
41 10 82 4.70463 7.38523
17 28 15 2.64736 6.73151
60 11 62 3.95504 5.53497
51 119 13 0.31493 2.03802
39 6 66 4.55531 2.15897
128 117 121 0.375 0.25
67 58 40 6.32895 1.96502
58 67 24 6.52484 1.67246
40 58 25 6.63188 2.62709
40 39 96 5.679 2.04735
24 68 30 7.06905 0.894397
44 72 100 8.74772 3.37761
16 58 24 7.12167 1.82111
68 24 67 6.5489 1.32188
96 67 40 5.94233 1.90312
29 58 16 7.30427 2.62902
45 61 50 5.44115 4.62225
50 6 39 4.8297 2.60717
61 62 50 4.67202 4.22196
43 60 45 5.25782 5.78642
40 50 39 5.78673 2.54021
40 25 50 6.35298 3.05805
9 45 25 6.0359 4.98494
50 25 45 6.05005 4.15695
58 29 25 7.01036 3.14244
74 25 29 7.45707 4.1252
30 68 69 7.0975 0.483199
21 126 115 9.9113 7.52996
12 16 24 7.52542 1.48664
30 97 12 7.97718 0.499303
16 12 34 8.28092 1.66718
29 16 44 7.95404 3.0221
16 34 27 8.51512 2.15917
12 97 34 8.51742 0.941174
70 98 34 9.72706 1.09174
27 34 52 9.19764 2.37195
70 34 97 9.22706 0.591739
16 27 44 8.32446 2.64442
52 71 99 9.77936 2.98344
74 29 73 7.91012 4.21911
73 29 44 8.11318 3.62943
100 73 44 8.50369 3.62164
27 99 72 9.02456 2.97539
72 44 27 8.72762 3.00772
71 52 133 9.94603 2.87628
4 105 57 3.47153 8.37226
52 99 27 9.30392 2.82486
117 110 22 1.04856 0.458525
52 113 124 9.94603 2.56378
24 30 12 7.44874 0.910502
38 78 125 9.74538 9.98071
9 25 74 6.89649 4.84894
43 36 60 5.17494 6.14219
43 45 9 5.61782 5.74736
43 9 19 6.19848 6.02114
81 36 43 5.60804 6.91626
19 46 5 7.39354 6.44204
46 19 26 7.50376 6.32845
5 46 26 7.64636 6.48436
81 43 19 6.27158 6.83426
74 19 9 6.98029 5.68596
31 19 5 7.32152 6.94184
81 31 33 6.60926 8.19203
81 82 36 5.38985 7.58108
81 33 104 6.32579 8.43698
21 115 102 9.9113 7.90496
79 80 0 7.11465 9.60669
31 80 33 6.85327 8.43606
31 48 80 7.28796 8.64493
34 113 52 9.67308 2.28052
19 31 81 6.7922 7.46545
13 119 109 0.0990908 1.79376
31 5 56 7.77912 7.12377
82 10 36 4.92163 7.16139
75 101 26 8.2735 6.24077
75 26 19 7.78224 6.19521
56 101 76 8.72231 6.6244
56 48 31 7.88827 7.9033
76 77 21 9.57796 7.06564
33 80 104 6.56981 8.681
78 38 102 9.87038 9.48071
76 21 56 9.08896 6.99068
134 114 35 9.21398 9.74915
56 21 48 8.72742 7.75855
48 49 123 8.15871 9.64229
0 80 48 7.41978 9.28525
49 48 35 8.43519 9.39145
116 0 123 7.82896 9.94003
102 38 35 9.52186 9.22986
35 21 102 9.56277 8.40411
103 35 114 8.90148 9.74915
35 38 134 9.33436 9.72986
48 21 35 8.86791 8.58266
127 79 0 7.32896 9.94003
122 20 1 2.4486 0.523997
5 26 56 8.01319 6.60949
74 75 19 7.80936 5.74311
128 121 130 0.125 0.375
49 132 123 8.29108 9.96374
60 61 45 5.067 5.48929
21 77 126 9.9113 7.27996
53 90 120 2.02282 4.87403
32 136 128 0.237474 0.0290865
7 137 129 0.48669 9.94434
128 130 32 0.174974 0.154087
20 122 131 2.4935 0.111134
49 103 132 8.41608 9.96374
52 124 133 9.94603 2.75128
38 125 134 9.55788 9.98071
0 116 135 7.64146 9.94003
32 94 136 0.112474 0.0290865
7 118 137 0.61169 9.94434
32 130 138 0.0499737 0.216587
