299
1.58178 0.849469
1.43577 0.625619
1.10223 2.19874
0.615465 1.875
0.374033 0.625
0.625 0.40037
2.2424 0.912611
2.38291 0.331365
2.1875 0.0792172
1.5625 0.351623
1.15812 2.29815
2.35772 1.66838
2.56883 1.18546
0 0.625
0.625 0
0 0
1.5625 0
1.17621 2.4231
2.57186 2.82073
2.75628 2.23727
0 1.875
0.738837 3.5992
0.355151 3.75
0 3.75
0.869794 3.68376
1.87723 4.08122
2.70951 3.38507
2.7336 3.3568
2.57477 2.82473
0.453442 4.75337
0.844228 5.25476
1.13909 4.93114
1.15057 4.73973
3.26158 1.10302
3.33393 1.11646
3.35268 1.93038
2.7862 0.191126
2.33415 4.94489
2.99154 4.90475
2.96854 4.98029
2.08352 5.23336
2.8125 0.135682
2.8125 0
2.1875 0
0.141981 5.3125
0 5.3125
0.940548 5.71025
0.477019 5.76617
1.10117 5.79293
1.85257 5.57774
1.87895 5.52455
1.07741 6.09451
0.650929 6.52601
0.301596 6.65355
0.299275 5.9375
1.93313 5.76031
3.28581 6.31394
3.3187 6.25079
3.42729 5.31038
2.08778 6.88486
2.01735 6.96097
1.30682 6.63545
3.55146 2.55594
3.54758 2.14786
3.70392 0.930432
3.75761 0.85267
3.4375 0.156482
4.59036 2.00952
4.00189 3.21976
4.67779 3.04851
4.88927 2.80195
4.96817 2.48836
4.97768 2.19629
4.9286 4.01513
4.6068 4.65624
4.32993 4.67259
3.63137 3.58561
5.27299 4.05085
5.90588 3.5941
5.07503 2.92003
3.59904 3.59409
5.30098 1.80679
5.33643 1.1668
4.37262 0.48027
3.50233 5.29096
4.67207 5.92018
5.06577 5.92884
4.74173 4.78711
4.1397 6.29839
4.24403 6.54909
5.28904 6.48718
5.36202 6.13887
5.73093 4.79312
5.55545 4.28588
9.6875 0.330697
9.0625 0.256083
9.93281 0.625
9.64156 0.926055
8.53082 0.766995
9.0625 0
9.6875 0
10 0.625
10 0
3.22111 6.57346
4.16514 7.05978
1.04867 6.80325
0.155817 6.875
0.68618 7.45087
0.858197 7.87208
1.99518 7.04374
0 6.875
0.815515 8.125
0 8.125
0.838682 8.16878
2.09341 8.33703
2.23904 7.59504
0.838379 8.19041
1.21606 8.97377
1.82436 9.19465
2.09557 9.18039
2.21367 8.47168
0.264903 9.0625
0 9.0625
0.440104 8.88764
3.11011 6.70309
3.27852 7.81713
1.00402 9.60796
0.907721 9.60409
0.678022 9.26002
0.302459 9.52362
0.314607 9.6875
0 9.6875
0.375 9.73991
0.375 10
0 10
1.6875 9.95684
1.6875 10
1.24507 9.73315
1.125 9.74777
1.125 10
1.5012 9.60583
1.8144 9.80444
2.25941 9.40047
2.625 9.53413
3.00896 8.42026
2.90571 9.43884
2.0625 9.69074
2.0625 10
2.625 10
0 5.9375
3.31685 7.87883
4.22582 7.12907
3.25623 8.25624
3.3284 7.92644
4.36324 7.18579
4.89348 7.16321
5.26802 6.70705
5.62177 6.0155
6.43855 6.11265
6.60838 6.87202
6.08867 7.40177
4.16183 7.94071
3.13397 9.5
3.63396 8.63397
3.26794 9
3 10
4.18568 7.96091
4.94411 7.43615
4.70716 7.9071
4.24999 8.20096
3.99999 8.26794
9.34375 9.99827
9.34375 10
8.88359 9.73312
8.875 9.73893
8.875 10
8.125 9.4808
8.125 10
8.12561 9.47977
8.30797 9.52019
9.30436 9.37783
9.45448 9.17591
9.40533 9.06493
9.06578 9.0288
8.98527 9.05307
7.375 9.81257
6.96487 9.47351
7.44434 8.58669
8.12256 9.46474
7.375 10
5.89862 4.89207
9.3282 5.3125
10 5.3125
9.21847 5.28448
9.66025 4.375
10 4.375
9.61171 4.30711
8.82536 4.15649
9.12363 5.33872
9.65835 3.125
10 3.125
9.45806 3.30518
7.39211 3.15201
7.21728 2.96446
3.4375 0
4.375 0.470933
4.375 0
5.78684 0.711537
5.9375 0.652916
6.77629 0.716227
6.08095 1.91579
5.3125 0.0788835
6.4444 3.71094
7.40122 3.75026
7.4274 3.69522
7.52399 3.30763
7.51989 3.27291
6.82048 2.36553
8.34265 1.87756
8.34516 1.84793
8.12238 0.935185
6.98369 0.764027
5.9375 0
6.875 0.697887
6.875 0
8.125 0.931315
8.125 0
7.38628 3.93939
9.05367 5.38395
8.30402 5.16535
6.29001 4.727
7.18238 4.21603
6.46187 6.09891
6.91058 5.89369
7.15824 6.00974
7.30974 6.23772
7.14347 7.10596
8.03744 5.6582
9.58879 1.41156
9.47951 2.36916
9.48271 2.36655
9.72059 1.95084
9.75058 1.5625
10 1.5625
5.3125 0
8.0407 5.68129
8.4953 6.58224
8.64517 6.4919
9.07292 5.6263
9.90148 5.78125
9.86289 6.09375
9.57397 6.2903
9.68091 2.34375
10 2.34375
9.9857 2.14844
9.96832 2.07031
9.73332 1.95313
9.89624 8.125
10 8.125
9.4209 8.63111
9.93426 9.375
10 9.375
9.8125 9.7852
9.8125 10
10 10
9.41573 9.87851
9.53125 9.96334
6.12522 7.64722
5.52061 8.05704
6.46424 7.9033
7.29876 7.28062
6.64586 8.35414
6.36603 8.63397
5.5 8.13397
6 8.26794
7.82188 6.5161
8.09649 7.55161
8.17979 6.97765
8.17353 7.7085
9.65431 6.84682
9.67214 6.875
9.35768 7.41984
8.20071 7.71888
7.44302 8.57456
4.75 8.06698
5 8
6.86603 9.5
6.73205 9
8.3987 9.08233
8.51474 8.69266
8.34969 7.91783
7 10
10 6.09375
10 6.875
9.53125 10
10 2.14844
10 1.95313
10 5.78125
10 2.07031
443
296 298
192 297
295 298
298 255
292 297
204 42
226 99
253 295
295 254
293 258
172 294
294 266
171 265
280 293
292 250
257 281
183 289
290 259
289 290
288 289
188 288
287 286
272 287
141 135
106 107
7 8
26 38
153 161
133 132
128 129
131 122
124 125
59 124
293 292
207 208
134 133
122 121
45 44
232 230
116 117
28 18
175 177
225 220
243 242
114 113
188 178
112 110
108 111
129 130
110 106
85 86
261 264
109 60
26 27
105 61
101 96
102 101
100 99
99 95
125 150
87 92
137 140
194 195
50 40
92 93
120 114
91 86
90 91
49 50
67 64
89 90
88 57
232 233
85 88
117 126
140 141
41 36
139 133
214 215
93 77
86 87
127 128
38 80
108 109
83 65
81 82
190 230
119 120
208 209
236 159
266 262
191 249
77 78
285 284
60 61
155 167
210 217
160 267
74 75
186 187
73 74
13 4
198 228
158 232
52 105
256 241
162 145
100 102
279 280
31 32
260 261
30 31
94 96
76 68
258 257
275 245
51 52
290 282
22 29
14 16
37 25
137 138
252 254
71 72
25 26
21 24
276 277
5 14
95 94
7 36
17 18
138 139
229 227
206 244
21 22
175 172
130 132
2 3
14 15
132 127
23 20
272 271
27 28
152 163
202 203
0 6
53 106
121 123
5 1
297 249
199 239
104 89
94 100
49 55
97 98
84 85
84 75
78 212
6 7
121 129
1 0
160 156
107 105
296 256
63 35
126 127
9 1
130 131
270 276
168 166
52 53
16 9
38 39
115 114
96 97
233 231
35 19
181 182
32 40
187 188
230 231
184 288
82 83
12 6
171 173
199 201
22 23
237 229
135 137
251 248
29 30
148 165
200 253
24 25
237 245
196 197
17 21
185 186
221 217
238 97
28 62
113 116
70 71
32 24
69 73
4 5
191 193
234 235
62 68
125 115
151 154
112 122
235 275
33 34
213 214
72 67
223 224
61 51
2 10
34 35
12 33
144 152
36 33
42 41
44 29
23 45
54 47
34 64
13 20
69 70
254 255
117 118
109 115
55 56
8 43
111 112
243 296
107 108
43 42
126 138
281 282
87 74
53 54
68 69
43 16
63 67
30 46
39 37
282 278
78 79
128 123
46 47
265 266
251 279
47 44
79 70
56 103
136 147
3 4
8 9
286 291
19 11
11 12
180 181
46 48
48 51
48 49
58 39
195 200
50 31
59 60
72 81
66 41
187 283
65 66
56 57
57 58
118 119
55 59
64 65
263 262
250 251
143 142
142 119
113 111
224 226
144 145
163 170
147 146
216 202
123 116
181 260
143 148
217 203
247 248
149 54
145 143
170 169
58 84
245 246
45 149
103 124
150 151
151 104
255 256
152 153
219 220
153 150
247 279
154 155
155 156
163 164
156 90
88 89
91 157
157 158
15 13
158 159
157 190
83 205
40 37
231 227
159 160
161 154
164 162
218 219
131 134
165 162
120 144
212 93
166 161
167 168
172 171
206 204
174 175
103 104
177 176
62 63
176 178
178 179
179 174
248 228
183 184
184 179
189 185
280 281
177 189
294 263
190 92
192 191
257 259
98 95
195 192
194 196
80 76
198 193
200 199
173 180
201 196
79 202
203 71
10 11
193 194
205 206
82 207
219 238
209 210
210 81
197 198
207 211
211 205
284 169
148 147
212 213
18 19
169 166
215 216
277 275
226 225
216 218
220 221
278 276
222 208
209 223
73 77
221 223
27 80
227 213
214 197
228 229
182 183
249 250
139 136
140 118
233 234
235 236
234 237
98 225
218 239
239 240
240 241
241 242
242 238
252 240
215 201
146 142
101 243
244 211
222 244
246 247
75 76
269 270
253 252
277 246
261 258
262 260
173 174
264 263
286 186
0 2
259 182
180 265
267 268
268 167
267 269
10 17
270 236
224 222
176 185
284 168
136 135
141 146
271 269
20 3
204 66
268 273
273 274
291 189
274 272
271 283
283 278
273 285
149 110
145
1 0 2 3 4 5 0.948649 1.18644
9 8 7 6 0 1 1.94418 0.534911
12 11 10 2 0 6 1.81866 1.48333
15 14 5 4 13 0.294702 0.29402
16 9 1 5 14 1.11618 0.259335
19 18 17 10 11 2.08558 2.27984
20 3 2 10 17 21 22 23 0.483258 2.75695
18 28 27 26 25 24 21 17 1.71641 3.25287
32 31 30 29 22 21 24 0.74395 4.39621
19 11 12 33 34 35 2.90419 1.61919
12 6 7 36 33 2.70153 0.748458
37 25 26 38 39 2.49666 4.28813
40 32 24 25 37 1.59476 4.47891
42 41 36 7 8 43 2.50318 0.127411
43 8 9 16 1.80914 0.122063
23 22 29 44 45 0.191299 4.47922
29 30 46 47 44 0.546606 5.33924
50 49 48 46 30 31 1.27116 5.41292
40 50 31 32 1.61467 5.13718
47 46 48 51 52 53 54 0.650332 6.11802
39 58 57 56 55 49 50 40 37 2.72492 5.5597
48 49 55 59 60 61 51 1.61273 6.23439
35 63 62 28 18 19 3.10785 2.39031
13 4 3 20 0.252283 1.30083
41 66 65 64 34 33 36 3.29442 0.57769
67 63 35 34 64 3.80512 1.63018
72 71 70 69 68 62 63 67 4.27107 2.55821
68 69 73 74 75 76 4.35537 3.82035
79 78 77 73 69 70 5.19072 3.48029
76 80 27 28 62 68 3.29271 3.08366
83 82 81 72 67 64 65 4.62148 1.30272
80 38 26 27 3.09807 3.94953
75 84 58 39 38 80 76 3.62065 4.55926
87 86 85 84 75 74 4.39736 5.29897
84 85 88 57 58 3.85718 5.88083
91 90 89 88 85 86 4.78167 6.25584
77 93 92 87 74 73 5.16094 4.46665
95 94 96 97 98 9.29107 0.600688
100 94 95 99 9.38825 0.147486
101 96 94 100 102 9.86064 0.26389
89 104 103 56 57 88 3.79104 6.57319
61 105 52 51 1.00889 6.48847
107 106 53 52 105 0.60929 6.92336
60 109 108 107 105 61 1.26898 7.1906
110 106 107 108 111 112 0.349603 7.61971
114 113 111 108 109 115 1.6349 7.80516
120 119 118 117 116 113 114 1.60011 8.65904
112 111 113 116 123 121 122 0.321765 8.52048
109 60 59 124 125 115 2.68708 7.24291
123 116 117 126 127 128 0.852621 8.93391
122 121 129 130 131 0.14546 9.384
128 127 132 130 129 0.581886 9.52967
134 131 130 132 133 0.185209 9.84565
121 123 128 129 0.432037 9.20392
139 138 137 135 136 1.34201 9.89691
133 132 127 126 138 139 0.766387 9.82946
117 118 140 137 138 126 1.36078 9.36403
135 137 140 141 1.55212 9.77456
143 142 119 120 144 145 2.5663 8.9494
147 146 142 143 148 2.35173 9.74258
141 140 118 119 142 146 1.89784 9.48141
45 44 47 54 149 0.178733 5.66544
103 124 59 55 56 2.523 6.38518
104 151 150 125 124 103 3.54766 7.17806
153 152 144 120 114 115 125 150 2.67452 8.06558
156 155 154 151 104 89 90 4.68937 6.82184
156 90 91 157 158 159 160 5.95066 6.61617
161 153 150 151 154 3.93507 7.63047
162 145 144 152 163 164 3.18938 8.82253
165 148 143 145 162 2.85308 9.72515
166 161 154 155 167 168 4.55949 7.55097
170 163 152 153 161 166 169 3.70846 8.19007
136 135 141 146 147 1.91206 9.88346
175 174 173 171 172 9.03235 9.90951
177 176 178 179 174 175 8.45789 9.79132
184 183 182 181 180 173 174 179 8.9311 9.36759
178 176 185 186 187 188 7.50747 9.29176
189 185 176 177 7.80869 9.81036
92 190 157 91 86 87 5.34001 5.34587
192 191 193 194 195 9.70252 4.90516
198 197 196 194 193 9.21828 4.63076
195 194 196 201 199 200 9.76899 3.72521
203 202 79 70 71 5.94597 2.85139
206 205 83 65 66 204 3.9237 0.327708
81 82 207 208 209 210 5.94688 1.25292
205 211 207 82 83 5.1588 0.599202
216 215 214 213 212 78 79 202 6.47192 3.3471
203 71 72 81 210 217 5.98271 2.36261
221 220 219 218 216 202 203 217 7.52755 1.8658
224 223 209 208 222 6.41344 0.343724
226 225 220 221 223 224 7.52483 0.421752
217 210 209 223 221 6.62707 1.57638
227 213 214 197 198 228 229 8.329 4.52117
231 230 190 92 93 212 213 227 6.42856 4.22391
93 77 78 212 5.81168 3.90917
232 158 157 190 230 6.07713 5.51529
158 232 233 234 235 236 159 6.89468 6.45678
231 233 232 230 6.71652 5.1489
229 237 234 233 231 227 7.52639 5.10754
98 97 238 219 220 225 8.83756 1.23688
242 241 240 239 218 219 238 9.21303 1.87358
239 199 201 215 216 218 8.65815 2.75182
243 242 238 97 96 101 9.82615 1.14752
222 208 207 211 244 5.70082 0.275754
248 247 246 245 237 229 228 8.55389 5.77746
215 201 196 197 214 8.64762 3.70025
228 198 193 191 249 250 251 248 9.48138 5.76608
200 199 239 240 252 253 9.78137 2.7092
256 255 254 252 240 241 9.74149 2.16636
261 260 181 182 259 257 258 9.74936 8.79505
263 262 260 261 264 9.92065 9.7351
266 265 180 181 260 262 9.59663 9.55258
156 160 267 268 167 155 5.48226 7.40079
236 270 269 267 160 159 6.63318 7.37067
274 273 268 267 269 271 272 6.15348 8.11272
237 245 275 235 234 7.65175 6.07916
277 276 270 236 235 275 7.65105 6.93961
278 276 277 246 247 279 280 281 282 8.79718 7.10681
283 271 269 270 276 278 7.30234 7.92042
284 168 167 268 273 285 5.06112 7.8469
169 166 168 284 4.45614 8.03713
149 54 53 106 110 0.144122 6.38298
287 272 271 283 187 186 286 6.91577 8.81373
278 282 290 289 288 188 187 283 8.05982 8.5862
288 184 179 178 188 8.48881 9.25508
291 286 186 185 189 7.11519 9.78285
244 211 205 206 4.73234 0.16075
246 277 275 245 8.13471 6.40352
289 290 259 182 183 8.89525 8.57944
281 257 259 290 282 9.13717 7.97012
293 280 279 251 250 292 9.81524 6.49985
247 248 251 279 9.17995 6.30956
183 184 288 289 8.66675 8.93997
171 173 180 265 9.20423 9.71045
172 171 265 266 294 9.43971 9.95759
258 257 281 280 293 9.76499 7.43162
253 252 254 295 9.89343 2.27585
294 266 262 263 9.70508 9.92662
296 256 241 242 243 9.86763 1.7615
99 95 98 225 226 8.5115 0.360235
204 66 41 42 3.13242 0.0731644
292 250 249 297 9.94057 5.94603
295 254 255 298 9.98796 2.10445
297 249 191 192 9.77187 5.48873
298 255 256 296 9.90998 1.99634
