1064
0.332031 0.070569
0.332031 0
0.27871 0.264556
0.272681 0.265329
0.263433 0.263433
0.15625 0.15625
0.15625 0
0.0505678 0.46875
0.16725 0.707639
0.304511 0.693466
0 0.46875
0 0.15625
2.1875 0.502257
1.71875 0.0409521
2.18929 0.50966
1.91651 0.639235
1.55042 0.141188
1.71875 0
2.1875 0
2.65625 0.0572728
2.65625 0
2.28882 0.538076
2.28276 0.542814
0.487912 0.267436
0.429688 0.0220384
0.371094 0.00514444
0.429688 0
0.498518 0.269314
0.539147 0.235249
0.546875 0.226079
0.546875 0
0.535155 0.779421
0.633694 0.578252
0.854582 0.330495
0.857524 0.53044
0.928127 0.172024
0.78125 0.0862672
1.04118 0.580602
1.05507 0.559331
1.15827 0.373154
1.17478 0.328363
1.05054 0.167182
0.78125 0
1.09375 0.0520748
1.09375 0
0.558995 0.882387
0.865312 1.01348
1.07213 0.661939
0.0700288 1.09375
0 1.09375
0.123587 0.919966
0.0898645 0.78125
0 0.78125
0.476779 0.99208
0.454215 1.04605
0.1218 1.13918
0.469571 1.34306
0.679219 1.31397
0.832141 1.25056
0.917007 1.0974
0.150169 1.31398
0.426124 1.4186
1.33518 1.21611
1.40571 1.20715
1.53312 0.910521
0.827898 1.76625
0.495449 1.73257
0.438749 1.62563
0.131357 1.32812
0.126147 1.60015
0.104498 1.55762
0.102078 1.55226
0.0940842 1.53237
0.0861414 1.50391
0.0832563 1.44531
0 1.32813
1.74362 0.734944
1.3597 0.547585
1.75391 0.727922
1.36214 0.282665
1.80455 0.713553
1.96142 1.13418
1.92408 1.50259
1.45005 1.28209
1.435 0.142507
1.40625 0.0637712
1.40625 0
2.32626 0.59407
2.31996 1.22144
0.925312 1.64942
1.38066 1.97808
1.16554 2.11947
0.882108 1.77696
2.32389 1.23565
2.85777 1.31521
2.92079 0.89839
1.95049 1.53265
2.13738 1.60805
2.23977 1.41669
1.46563 1.97278
2.87696 1.38316
2.87994 1.46437
2.89377 1.65703
3.20762 1.94581
3.2093 1.94512
3.50073 1.45576
3.29014 1.29284
2.27515 1.83848
3.13156 0.794659
3.13127 0.468921
3.09974 0.420031
2.87704 0.299492
0.0807973 1.64063
0.0692796 1.79688
0.294548 2.02838
0 1.55762
0 1.64063
0.0396044 1.5332
0.0494066 1.55029
0.00723636 1.54663
0.000175655 1.5448
0.000143323 1.54358
0 1.5332
0 1.50391
0 1.79688
0.249195 2.1875
0 2.1875
0.260853 2.20383
1.13442 2.25133
0.0319851 2.65625
0 2.65625
0.328824 2.58956
1.16068 2.55913
0.508627 2.8206
1.49246 2.90955
1.58447 2.87532
2.22966 2.4159
2.178 2.21098
0.16685 3.39926
0.251023 3.44555
0.0632799 3.28125
0.201961 3.00528
0.483209 2.90234
0.570894 3.2235
0.0470407 3.47656
0.022463 3.55469
0.130356 3.67188
0.247268 3.70635
0 3.47656
0 3.28125
0.0379463 2.96875
0 2.96875
1.4557 3.13678
0.664391 3.30918
0.378605 3.98028
0.773229 3.9127
0.816809 3.93054
0.872921 4.6981
0.781008 4.76
0.289408 4.51318
0.289787 4.0625
1.23912 3.85575
1.48607 3.30096
0 3.67188
0 4.0625
0.0652066 4.6875
0 4.6875
0.188434 4.93928
0.305501 5.03196
0.612764 5.20826
0.615558 5.20463
3.14587 2.19622
2.78249 2.71851
2.51227 3.30569
2.42082 3.46603
2.63393 3.19541
3.21834 3.81231
2.96357 4.12082
2.96145 4.12216
2.86263 4.04317
2.15698 3.67228
2.80629 2.80075
1.68147 4.75735
1.69511 4.36804
2.09384 3.99856
2.12516 3.91056
2.8997 4.24837
2.55916 4.34794
2.5357 4.38694
2.10063 5.01871
1.84772 5.03937
2.79669 4.90695
3.02214 4.70165
1.82333 5.0996
1.78734 5.14022
1.62246 5.25587
3.2953 0.831937
3.33816 0.918338
3.36403 0.993357
0 0
2.87983 0.146635
2.84929 0.117239
3.12827 0.137016
3.04688 0.0877328
2.97907 0.100287
2.94922 0.0201113
2.91016 0.00154761
2.85156 0.103244
3.47458 0.235498
3.28125 0.0597215
3.5144 0.73754
3.63431 0.388125
3.58377 0.24421
2.94922 0
3.04688 0
3.28125 0
3.59375 0.230047
3.59375 0
3.52451 1.43793
3.57035 1.26938
3.81923 1.13727
3.82012 1.13624
3.78602 1.967
3.95409 1.69132
3.94534 1.6187
3.82942 1.52187
3.62189 0.772631
3.8801 1.08781
4.15241 1.0588
4.25932 1.07757
4.23622 1.20367
3.77889 2.5964
4.02515 2.53938
4.04168 2.3062
3.84372 0.701681
3.89232 0.467811
3.90439 0.731592
4.23112 0.47163
4.16755 0.392349
4.0625 0.0534006
4.14505 0.194416
4.4155 0.637593
4.86466 0.456921
4.6875 0.0352682
4.29519 1.05442
4.42335 1.10629
4.99931 1.0725
5.05899 0.938836
5.03753 0.511019
4.19006 1.74228
4.3785 1.55906
4.45034 1.59263
4.76042 1.54798
4.44139 2.03153
5.04587 1.67662
5.08682 1.61518
5.04067 1.7354
4.83826 2.03161
4.66428 2.06026
4.45878 2.02965
5.56789 2.13522
5.90603 2.0057
5.91724 1.8519
5.5982 1.42661
5.06372 2.61523
5.13039 2.63044
5.4661 2.40581
4.53313 2.4252
4.81296 2.76955
5.3125 0.361224
5.3125 0
5.27932 0.401089
4.6875 0
4.0625 0
3.27433 2.99411
3.50823 2.87816
3.62572 3.66187
3.69042 3.67819
4.15447 3.24764
4.07716 2.59835
4.30883 3.03386
4.24907 3.18968
3.76439 3.81236
4.67651 3.69679
3.9868 3.91407
3.5829 4.44032
3.72139 4.22265
2.45 5.11068
2.66078 5.04378
3.30735 4.79737
3.56504 4.69545
3.04876 5.27021
3.30196 5.21157
4.0484 4.43498
4.09501 4.51939
3.8 4.83585
4.18444 4.08705
3.41606 5.32289
3.89768 5.42498
4.00024 5.20068
4.67326 2.91136
5.16502 3.4891
4.90231 3.75072
4.79031 3.77855
5.57302 3.33774
5.58335 3.2635
4.21434 4.53164
4.33286 4.14083
4.35577 5.07247
4.60512 4.76468
4.63286 4.12464
4.7134 4.71651
4.75558 4.60475
4.61206 5.39468
5.0909 5.06328
5.14895 4.02374
4.82777 4.57255
5.41712 4.37967
5.69702 4.70758
5.52184 5.03776
5.13956 5.09175
5.33826 4.17237
5.64654 3.55798
5.66077 3.44398
5.73093 1.13539
9.80469 0.0694077
9.80469 0
9.8555 0.180937
9.87541 0.179483
9.92188 0.15625
9.92188 0
10 0.15625
10 0
9.98493 0.46875
10 0.46875
2.23291 5.90324
2.68513 5.63462
0.0971726 5.39062
0.0611433 5.54688
0.162283 5.33936
0.584738 5.34234
0.628717 5.62184
0.551071 5.71298
0.296278 5.83758
0 5.54688
0 5.39063
0.0678159 5.23437
0 5.23438
0.0730145 5.19239
0.0416845 5.07813
0.63867 5.625
1.1703 5.48788
1.60974 5.27022
0.183073 5.9375
0 5.9375
0.274782 6.40625
0.314633 6.45259
0.42447 6.51711
0.662505 6.18672
0 6.40625
0.711357 5.6775
1.15533 5.73259
1.23439 6.32953
1.26776 6.24842
0 5.07813
0.564189 6.74881
0.270598 6.99372
1.07961 6.905
1.15175 7.23083
0.638704 7.60316
0.456335 7.65572
0.154772 7.1875
0.0751048 6.64062
0.0594037 6.79687
1.20489 6.68398
0 6.64063
0.121006 8.125
1.03314 8.1778
0.711826 8.39627
0.647121 8.40094
0.158715 8.16474
0 8.125
0 7.1875
1.3126 6.20645
1.452 6.1784
1.77781 6.13358
1.85273 6.16131
1.85805 6.19146
1.82743 6.67087
1.68808 7.63058
2.15539 7.17607
2.10635 6.83207
1.3428 5.85586
1.77064 5.49735
0 6.79688
2.22011 6.04598
2.50147 6.32727
2.42767 6.45173
2.21912 6.65724
2.62269 6.30996
2.73892 5.66975
2.2727 7.18882
2.547 7.14799
2.65549 6.90023
1.74635 7.96986
1.80218 7.99809
1.93947 7.97266
2.55289 7.62914
2.86082 6.36472
2.93171 6.45482
2.92273 6.69436
1.59161 8.12655
2.64209 7.67175
2.76913 7.23993
2.94585 7.4689
2.79663 7.62335
2.5461 7.9389
2.08749 8.3146
2.82952 8.13559
2.6413 8.39445
2.23427 8.41135
2.23295 8.41097
1.58934 8.13482
1.54562 8.76775
1.95785 8.79077
0.22005 8.7925
0.0199424 8.84766
0.221537 8.7962
0.18597 8.96331
0.021287 8.89648
0.00290086 8.87695
0 8.84766
0.219089 8.78906
0 8.78906
0.600659 8.8683
0.604722 8.8766
0.806297 9.0933
0.822639 9.09144
1.0371 8.79487
1.02226 8.71059
0.229767 9.14518
0.183388 8.98438
0.996981 9.20332
1.45014 8.89892
1.1567 9.25247
0.432777 9.52033
0.429507 9.57049
0.737767 9.7094
0.905536 9.66039
0.3125 9.6875
0 9.6875
0.229426 9.21875
0 9.21875
0 8.98438
0.78125 9.83334
0.78125 10
0.3125 10
1.10025 9.66457
1.32505 9.52249
1.32825 9.5143
1.09375 9.99611
1.13878 9.91468
1.48677 9.91344
1.5625 9.99652
1.89396 9.70107
1.93357 9.53642
1.66962 9.37747
1.09375 10
1.5625 10
1.51067 8.88068
1.64459 9.05407
1.98083 8.99516
2.0081 8.92309
2.19284 8.84583
2.49871 9.0936
2.48293 8.83425
2.19394 9.28706
2.52275 9.14981
2.61953 9.18182
2.7577 9.38671
2.4672 9.75766
2.40863 9.77054
2.04367 9.49275
2.97659 8.77209
2.73339 8.55913
2.03125 9.92836
2.34375 9.89275
2.03125 10
2.65625 9.93245
2.77034 9.39255
2.99785 9.67942
2.99682 9.7434
2.96875 9.79419
2.34375 10
2.65625 10
2.96875 10
2.97913 5.69031
3.19322 5.89072
3.12761 5.78493
3.65721 6.01199
3.88731 5.99218
3.92428 5.96215
3.95162 5.83117
3.24974 6.49819
3.06092 6.92328
3.46051 7.04025
3.50918 6.78915
2.99744 7.47926
3.45626 7.3399
3.48685 7.11093
3.83014 6.51637
4.12718 7.02274
4.23635 6.93734
4.49731 6.92425
4.55417 6.79239
4.52244 6.45075
4.50186 6.31741
4.42883 6.22191
4.66739 5.58359
4.53148 6.10117
4.80126 5.66406
5.00859 5.68227
4.90633 5.97757
5.02666 5.70112
5.11972 5.74873
5.29143 6.05867
5.19204 6.33804
4.87826 6.23043
5.58227 5.56017
5.63448 5.25094
3.95513 7.65872
3.79606 7.69923
3.66316 7.63384
4.401 7.7399
4.61609 7.12995
5.21824 6.43892
5.26589 6.5836
5.57245 6.03213
5.58909 6.04511
5.69181 6.16455
5.53539 6.5997
5.33594 6.63933
5.31458 7.0374
5.24357 7.13492
5.06849 7.27518
3.16498 8.05088
2.85523 8.12618
3.13572 8.12344
3.03104 8.76495
3.23435 8.26365
3.79521 8.44185
3.33396 8.94916
3.91225 8.60148
3.91097 8.61591
3.79238 8.76468
3.01484 9.29149
3.30429 9.10563
3.39336 9.53786
3.47705 9.51937
3.82981 9.54939
3.80427 9.57024
3.64886 9.60559
3.59375 9.72335
3.28125 9.94595
3.59375 10
3.90625 9.86297
3.90625 10
4.28187 8.377
4.50823 7.89389
4.72821 8.57481
4.4912 9.1406
5.219 8.01469
4.95772 8.51341
5.20968 8.25128
5.23782 8.04722
5.22962 8.02382
5.01955 9.14871
4.83303 9.36069
4.74016 9.37601
4.60588 9.38692
5.22338 9.07589
5.55282 8.80086
4.45771 9.4971
4.53125 9.46842
4.5449 9.45787
4.21875 9.9895
4.76563 9.90306
4.95348 9.94054
4.92188 9.97513
4.76563 10
4.53125 10
4.92188 10
5.50209 9.83236
5.625 9.89737
5.625 10
5.68059 9.82413
5.79489 9.57641
4.21875 10
5.60854 7.68692
5.57253 7.42788
3.28125 10
5.74249 1.1243
5.50123 0.667215
6.08519 1.7117
6.12397 1.61029
5.99004 1.2333
5.83127 1.09632
6.26516 0.613028
6.27946 0.634479
6.21083 0.513192
5.51494 0.327841
6.3174 0.646231
6.43654 0.754043
6.51869 1.05388
6.37586 1.36001
6.79434 0.249423
6.71875 0.0895901
6.52721 0.074452
6.30671 0.259635
6.20753 0.453691
5.78125 0.0406187
6.09375 0.208636
6.38 1.39228
5.88107 2.68701
5.89783 2.84475
5.86224 2.95712
6.1331 2.22727
6.3404 2.25711
6.63183 2.53792
6.6094 2.67057
6.61419 1.76738
6.69295 3.13414
6.68126 3.15034
6.50242 3.15768
6.67319 1.7202
7.65625 0.160365
7.65625 0
7.62075 0.229803
7.24392 0.227638
7.1875 0.184064
7.1875 0
7.38492 0.999327
7.44226 1.06722
7.55339 1.00958
7.74983 0.511889
7.69892 0.341974
6.99401 0.261534
6.93999 0.765481
7.39256 1.22746
7.00597 1.38376
6.71875 0
6.52344 0.0636154
6.46484 0.0157139
6.42578 0.0239562
6.32812 0.145004
6.52344 0
7.45606 1.36274
7.60481 1.79748
7.64859 2.21144
7.49691 2.31227
7.18002 2.27777
6.75611 1.70892
8.20443 1.45985
8.14845 1.29548
7.62834 1.00948
7.44858 2.75926
7.33627 3.08308
7.2565 3.11672
7.74922 3.44013
7.75392 3.45328
7.60446 3.59655
7.17336 3.6493
8.00033 3.05571
8.00877 3.03775
7.71897 2.22316
8.05979 2.9937
6.32813 0
6.09375 0
5.78125 0
5.6937 3.88004
5.8214 4.04782
5.86973 4.08815
6.08527 3.99855
5.75102 3.48127
5.4147 4.31972
5.5493 4.20331
5.60714 4.10844
5.93531 3.48754
5.8481 4.13708
6.56179 4.19829
6.75385 4.14545
6.75489 4.13906
6.6398 3.77528
5.98339 4.64985
5.91566 4.65187
6.20961 5.40034
6.26496 5.3855
6.33137 5.24014
6.30146 5.08327
6.80385 4.21048
6.83276 4.3143
6.81806 4.59501
6.86649 4.04788
7.50282 3.8249
7.64401 4.05542
7.52809 4.2476
7.83596 3.97946
7.90864 3.56821
6.96757 5.15472
6.97753 5.1638
7.38844 4.73457
7.34753 4.68835
7.611 4.34162
7.00173 5.19587
7.01249 5.33491
6.44009 5.63128
7.79569 4.48593
7.83042 4.72529
7.63428 4.8656
8.02425 4.24328
7.99513 4.1296
7.56712 5.10879
7.58448 5.14189
7.73762 5.2567
8.12908 5.18436
8.08154 4.83551
7.96318 4.77062
8.44506 0.424741
8.07642 0.192654
8.4375 0.405871
8.52273 0.720828
8.53557 0.534045
8.50482 1.60552
8.46878 1.63859
9.50882 1.75295
9.53844 1.76826
9.57873 1.85212
9.16284 2.1701
8.79328 2.19603
8.46631 1.65287
8.69026 1.21665
8.69262 1.14355
8.66174 0.920429
8.52602 0.729079
8.20849 1.46639
9.44341 1.69775
9.0625 0.293187
9.43049 0.443821
9.49672 0.58937
9.40785 0.897285
9.19003 0.938842
9.0625 0
8.4375 0
7.86086 2.21854
8.55216 2.91657
8.46047 2.50255
9.1694 3.05119
9.04821 3.081
8.56162 2.92752
8.34221 3.44975
8.32078 3.4553
7.96875 0.054796
7.96875 0
9.09874 1.21836
9.57695 1.29895
9.57692 1.2975
9.53125 0.155835
9.53125 0
9.50253 0.345193
9.6801 0.619052
9.89925 0.78125
9.88413 1.01563
9.83249 1.08249
10 0.78125
9.27788 3.08099
9.32609 3.08385
9.69313 2.74663
9.73138 2.65625
9.632 1.875
9.96856 1.21094
10 1.21094
10 1.875
9.93923 1.11328
9.99734 1.15234
8.93557 3.38878
8.92837 3.9429
9.25281 3.84134
10 2.65625
9.99218 2.96875
10 2.96875
9.21875 9.86095
9.21875 10
9.41275 9.54215
9.60541 9.60541
9.6875 9.6875
9.6875 10
9.89861 9.21875
10 9.21875
9.79782 9.30794
10 9.6875
10 10
9.61874 3.32177
9.73448 3.35459
9.44239 3.86534
7.9963 3.57825
8.21724 3.90241
8.34932 3.94342
8.59042 3.88642
8.47848 3.58519
8.24048 4.30038
8.26336 4.32136
8.26188 4.78102
8.38001 4.42314
8.37247 4.37925
8.84879 4.03566
8.85027 4.06793
8.71957 4.16458
8.27465 5.36129
8.37335 5.38853
8.79953 5.13899
8.64225 4.90214
8.39797 4.43743
8.66279 4.72336
8.6125 4.49926
7.84555 5.66137
8.98718 4.30664
9.10588 4.39654
9.57664 4.10114
9.6343 4.0294
9.77851 4.03332
9.87112 3.4375
9.4894 4.86959
9.80736 4.6875
9.82758 4.0625
8.7025 4.64518
9.3158 5.25299
9.40836 4.93615
10 4.6875
9.34245 5.3125
10 5.3125
8.42207 5.679
9.18915 5.80379
9.26606 5.73916
9.33751 5.53111
10 3.4375
10 4.0625
7.11396 5.62798
7.39214 5.69762
5.67202 5.69355
5.93971 5.75993
5.98124 5.87225
6.12031 6.08711
6.08437 6.2083
6.50802 5.8347
6.15619 6.46983
6.79761 5.98818
6.90297 6.42229
5.79681 6.66216
6.10877 6.55815
5.63059 7.11477
5.79818 6.77008
5.69189 7.23006
5.70045 7.16815
5.93903 7.14087
6.16775 6.70966
6.03638 7.17673
6.91765 6.43721
6.93305 6.6192
6.45747 6.95383
6.03843 7.17935
5.84109 7.49692
7.722 5.94412
7.74679 6.02087
7.44001 6.27723
7.61287 6.77807
7.10744 6.9511
7.10119 6.94607
7.77049 6.82957
8.01737 6.2381
7.98289 6.14904
6.24515 7.28303
6.43907 7.22418
6.51865 7.26851
6.65608 7.25356
7.26224 7.27909
7.40925 7.4322
7.84087 7.43387
7.92488 7.28515
7.86844 6.98402
6.85796 7.45366
6.86819 7.45638
6.16509 7.65705
6.51547 7.74584
6.5683 7.55793
6.9706 7.94366
6.98186 7.97858
7.12753 7.92705
7.13384 7.91704
7.9337 7.63134
7.82287 7.85289
8.33689 7.87721
8.79194 7.45028
8.34785 7.16498
8.24657 7.18571
6.73602 7.54629
5.81366 7.62946
6.06768 7.71813
6.0793 7.71546
5.90534 8.20453
6.56669 8.4778
6.38788 8.63286
6.75681 8.14582
6.61702 8.44637
6.12218 8.98521
6.28554 8.88369
5.97227 9.331
6.40625 9.8842
6.48827 9.79076
6.47868 9.06605
6.84131 9.57717
6.81462 9.6063
6.59467 9.7539
7.11884 9.07924
7.32034 8.72791
6.60156 9.8076
6.60156 10
6.40625 10
7.38777 8.72597
7.55915 8.52519
7.40424 8.11547
7.78034 7.95346
7.1875 9.62329
7.1915 9.62078
6.79688 9.81268
6.79688 10
7.1875 10
7.2801 9.59757
7.51934 9.25545
7.52685 8.94407
7.51865 9.6891
7.8125 9.93295
7.8125 10
6.69922 9.99984
6.66016 9.97986
7.98793 8.99689
8.11887 8.8581
8.10184 8.64699
7.90391 8.44396
7.89623 8.44203
7.89544 9.44671
7.88983 9.44028
7.6217 9.2752
8.36636 7.98154
8.2465 6.00262
8.3825 5.79836
9.00598 6.04482
8.97506 6.06577
8.27355 6.49369
8.695 6.54671
8.82234 6.21037
8.77161 6.70656
9.03101 6.89571
9.37953 6.81566
8.23236 6.67064
8.42316 6.99876
8.19543 6.71433
8.83869 7.44399
8.9437 7.53021
8.98719 7.85086
8.52037 8.13559
9.51892 6.10411
9.5504 6.74775
9.49541 6.82044
9.4889 6.82313
9.78956 6.15924
9.86876 6.11599
9.88012 6.09657
9.75123 5.73044
9.96445 6.5625
9.9017 6.36485
9.98967 7.1875
10 7.1875
10 6.5625
9.94552 6.01562
9.87755 5.78125
9.91162 6.13281
10 6.13281
10 6.01563
10 5.78125
9.98902 6.21094
10 6.21094
9.15067 7.53592
9.1801 7.56345
9.47589 8.05883
9.13219 8.07035
9.16896 7.52556
9.47334 7.16512
9.65166 7.76638
9.65487 7.52224
9.6109 7.48432
9.82958 7.41865
9.67377 7.85844
9.89108 7.73438
9.96271 7.57813
9.58497 8.08211
9.65787 7.96875
10 7.73438
10 7.96875
10 7.57813
8.44483 8.51114
8.58554 8.26349
7.85615 9.19294
7.98723 9.0218
8.58235 8.73658
8.98253 8.51159
8.92055 8.3786
8.441 9.02656
8.55273 8.98346
8.58944 8.93153
8.85222 9.28031
8.58125 9.64384
8.4375 9.67117
8.31936 9.5951
8.93162 9.25833
9.0365 8.82826
8.17323 9.52534
8.24946 9.58906
8.4375 10
8.90625 9.91799
8.90625 10
8.74328 9.70967
9.4073 9.53674
9.3687 9.46034
9.15024 8.71271
9.60132 8.14399
9.31911 8.73683
9.98343 8.4375
10 8.4375
9.41586 8.82939
9.55818 8.83677
9.72315 8.81631
9.85176 8.90625
10 8.90625
0 10
2.85156 0
10 1.15234
10 1.01563
0.371094 0
9.72656 0.0123657
0 1.44531
6.46484 0
10 1.11328
0 8.89648
2.91016 0
9.72656 0
6.66016 10
6.42578 0
0 3.55469
0 1.55029
6.69922 10
0 8.87695
0 1.54358
0 1.5448
0 1.54663
1594
1063 119
1062 120
1061 121
1055 1059
1049 123
431 1060
1060 430
1050 1056
115 1058
1044 1053
1006 1008
676 1056
1056 653
767 1054
1054 1048
1053 206
487 493
375 394
600 564
1050 652
1049 74
325 1048
773 1046
30 42
1029 791
780 1045
20 1044
1044 207
456 1043
1037 1042
1038 1039
1038 1035
1032 1038
1034 1035
1032 1023
1031 1032
1030 1031
941 1027
1027 1021
1026 1022
1025 1026
1024 1018
1023 1024
1019 1023
1020 1021
1019 1020
1017 1019
1016 1017
1014 1015
1009 1013
946 1009
981 1008
1007 1006
1005 1007
993 1004
1002 1003
1001 1002
1000 980
998 1000
999 995
998 999
992 997
996 973
967 991
990 989
979 989
839 988
988 984
987 986
983 987
986 985
762 636
984 983
977 984
978 982
991 995
979 974
971 978
977 843
972 973
970 971
1011 1012
966 967
966 961
902 964
965 903
1012 944
888 965
964 960
962 955
958 960
878 957
956 954
954 840
594 926
952 900
947 952
951 937
948 928
947 948
946 947
1029 1028
1006 1002
945 946
938 944
925 1055
943 924
942 943
936 939
938 927
937 938
936 937
932 936
931 935
929 930
929 896
894 904
924 921
923 912
918 922
1060 1052
921 917
919 920
918 919
915 913
914 910
913 914
911 912
892 911
907 909
908 906
574 908
983 976
907 891
905 906
905 870
901 902
899 897
898 899
1024 1033
886 898
897 885
892 893
891 892
1026 940
880 891
890 884
889 890
887 888
885 886
882 883
881 882
869 880
879 872
876 867
873 874
873 866
871 872
870 861
1046 771
865 869
868 864
867 868
866 867
856 866
865 863
858 864
863 860
862 863
599 861
790 1028
540 857
855 856
853 855
854 852
852 539
933 942
850 851
1010 969
538 850
848 849
528 848
847 722
846 847
845 833
844 789
843 838
841 842
1058 118
818 840
838 839
835 838
831 836
819 835
1040 1036
834 825
833 829
832 833
893 882
831 832
827 831
830 802
828 829
815 825
823 816
821 822
819 820
814 785
817 818
724 817
816 813
813 810
812 813
725 811
719 809
808 784
805 806
800 795
1055 943
799 800
794 799
900 901
792 793
790 792
791 790
788 776
789 788
786 774
784 785
757 784
772 782
781 780
778 781
893 904
780 779
802 788
778 736
777 778
756 774
334 773
773 770
809 806
772 765
770 771
769 333
751 767
768 747
766 768
1046 1051
764 765
130 151
752 762
762 761
1012 1025
760 672
759 760
775 776
758 759
758 754
756 757
797 796
755 738
754 755
932 931
675 754
944 945
753 739
752 751
896 897
771 772
729 752
1021 1022
750 742
926 925
746 747
1030 1020
743 663
741 742
740 741
840 841
737 738
951 1011
734 745
664 730
728 729
727 644
812 821
722 723
718 721
720 706
716 719
925 924
716 717
995 996
712 716
872 873
715 696
714 715
709 713
712 705
711 712
957 963
710 711
709 710
982 990
837 832
708 709
705 699
702 671
847 871
701 698
700 701
699 700
796 798
743 730
698 693
697 698
696 697
695 696
694 688
689 693
692 687
690 691
689 690
682 689
688 685
681 688
686 679
765 749
685 686
321 684
828 803
682 683
681 682
679 680
858 854
322 679
678 620
621 677
676 654
675 673
674 675
658 674
668 672
671 667
667 631
666 667
645 728
628 660
634 661
664 643
967 968
877 878
677 676
663 664
656 662
660 661
658 659
657 658
656 657
992 993
774 775
670 671
648 656
650 655
655 651
652 653
651 652
956 959
640 650
650 616
744 733
649 613
642 648
950 1011
647 612
615 646
647 641
923 927
646 647
945 1016
643 644
638 639
630 634
632 633
629 631
630 603
627 630
628 629
641 642
627 628
626 627
733 732
626 261
623 626
1004 1005
625 305
902 903
822 820
624 625
266 623
620 621
619 609
737 756
618 619
611 615
614 605
613 614
611 612
609 610
607 609
607 608
605 606
1058 1063
969 952
693 694
603 604
262 603
884 885
602 601
807 808
271 602
601 324
600 495
563 600
742 743
599 543
916 917
598 599
590 597
595 596
978 979
593 595
621 619
594 591
963 964
668 669
593 594
955 956
665 666
591 588
589 586
1003 1000
588 586
587 588
586 584
1039 1040
640 636
585 582
1047 1
836 826
582 583
922 923
581 573
683 687
580 581
576 577
572 576
575 571
283 284
193 194
11 10
281 283
207 201
299 308
927 928
544 571
949 950
278 275
276 277
579 570
176 276
128 91
1008 1003
704 706
465 466
573 574
273 272
291 292
318 694
304 305
449 456
267 268
257 264
686 680
253 259
745 740
116 115
289 290
364 347
259 251
257 258
177 178
370 371
793 794
256 257
855 846
761 635
761 728
268 264
310 303
1027 1029
339 340
272 270
254 256
555 556
255 246
684 685
244 245
109 110
797 1042
616 617
130 129
655 1050
850 849
177 285
233 253
520 518
252 245
250 251
604 605
475 420
280 281
116 124
223 249
270 269
246 247
463 464
769 770
229 244
80 15
292 289
169 340
735 736
244 241
237 241
853 715
419 420
240 238
318 319
804 805
415 412
216 239
309 311
703 704
238 235
883 876
718 710
237 238
234 236
235 211
196 197
223 224
798 1039
22 87
372 373
526 527
232 233
243 240
1045 1051
192 186
707 669
230 224
229 230
152 153
559 582
273 217
249 250
346 339
286 282
226 227
569 570
279 280
222 223
219 198
172 136
205 206
105 218
787 781
212 216
1051 782
981 980
29 30
471 476
336 287
917 915
203 214
75 1049
113 114
495 492
516 527
210 211
206 207
24 23
741 763
331 334
565 585
204 200
757 758
634 622
221 197
1035 1033
472 473
365 357
203 204
78 80
453 1052
860 857
110 202
808 759
200 201
101 98
560 561
108 196
138 144
807 814
226 234
939 949
592 593
61 56
659 665
361 360
491 492
503 499
530 533
227 221
886 887
381 433
186 187
731 727
683 323
178 186
185 179
82 96
185 180
798 793
184 185
183 184
199 6
147 154
180 174
751 746
608 611
179 174
767 766
137 99
568 533
176 177
934 933
485 486
829 830
541 542
529 695
187 188
823 834
175 176
114 66
519 520
916 926
173 175
55 48
137 107
732 740
165 167
982 981
592 577
111 21
270 678
369 370
181 172
783 779
411 404
165 159
898 900
717 718
400 496
163 146
950 951
849 695
256 260
48 50
723 824
157 158
703 670
156 157
1015 1010
985 975
155 153
202 209
721 722
13 12
349 364
171 231
84 79
153 143
219 220
402 403
134 152
330 326
170 158
149 151
151 150
883 889
236 237
148 144
147 139
44 42
274 181
750 763
158 159
74 68
974 975
73 123
173 135
126 130
271 248
250 230
338 337
444 442
73 74
512 513
549 550
577 578
245 246
864 865
189 190
782 783
31 45
578 579
224 225
968 969
70 71
8 51
490 491
1005 1001
242 243
220 225
934 1059
23 2
961 962
489 490
1033 1014
59 46
738 739
692 632
34 32
83 90
232 279
197 198
53 54
989 985
50 53
417 405
373 366
395 396
202 203
422 423
779 764
27 28
293 296
54 55
871 824
803 801
513 514
518 502
542 859
243 272
49 48
225 218
56 57
805 720
442 437
612 613
164 163
525 537
68 60
785 786
30 26
41 43
445 446
423 469
909 910
539 540
59 62
1047 25
261 262
265 266
723 724
337 339
156 161
46 47
78 79
859 860
527 522
1018 1013
841 955
127 128
476 477
1013 1014
888 877
794 795
241 242
62 63
5 6
1063 1062
142 133
220 221
212 208
844 845
57 58
662 663
320 314
5 11
397 398
352 195
16 84
1036 1037
22 14
88 81
933 920
631 632
474 475
87 88
980 972
119 120
894 895
124 113
236 228
677 678
729 727
371 366
214 213
483 548
567 568
174 173
509 511
940 941
183 161
262 263
275 274
528 529
190 193
144 145
584 579
523 524
941 935
254 255
325 327
657 744
462 463
55 60
58 89
69 70
851 852
597 585
541 536
77 38
931 919
9 3
590 589
193 335
511 530
991 992
64 47
19 21
732 734
263 255
856 854
749 750
39 40
149 148
317 684
145 146
4 7
93 94
930 899
354 359
385 386
653 654
535 536
67 61
300 301
148 1057
935 934
881 868
37 38
201 19
910 908
389 390
25 24
809 810
51 52
457 458
911 895
125 127
217 215
213 1053
1041 1040
136 137
196 210
99 96
581 913
861 862
214 215
233 222
412 407
41 35
75 49
610 620
544 534
120 121
830 844
711 700
191 192
466 459
739 733
28 33
857 858
387 388
410 403
79 40
1057 145
993 994
576 580
53 45
72 73
103 171
81 82
520 521
776 777
160 154
204 205
213 205
150 141
12 18
427 428
906 907
409 503
489 555
949 1025
1009 1010
32 27
976 977
635 637
33 34
1 0
479 480
12 14
63 64
691 692
614 622
8 9
3 4
376 370
308 309
60 61
550 552
247 248
775 801
67 69
558 556
112 116
0 2
15 16
464 465
492 488
755 753
57 65
994 968
608 606
452 453
23 27
879 953
536 514
33 35
736 737
406 407
494 495
835 836
264 265
45 46
91 92
299 295
167 168
669 670
50 51
10 7
133 131
86 17
735 764
248 242
71 118
42 36
636 635
17 13
0 25
227 228
9 31
358 342
502 298
134 135
26 24
28 29
282 277
169 170
58 59
960 961
578 587
164 166
122 117
266 260
260 261
302 315
121 117
31 32
68 75
801 802
731 746
76 77
7 8
452 450
704 705
20 19
112 113
596 915
730 731
386 387
548 549
43 44
822 834
284 282
138 140
447 448
1034 1036
82 83
706 707
276 274
707 804
423 424
85 43
39 77
748 749
18 20
362 363
393 194
377 411
1037 1007
701 708
448 442
589 591
804 760
106 100
101 102
102 103
64 76
90 91
104 222
440 451
721 713
583 584
35 36
14 15
88 93
414 507
806 807
549 547
895 896
552 567
569 572
566 597
117 72
354 344
719 720
615 616
162 180
89 62
131 127
16 13
123 122
105 106
815 816
96 97
477 474
987 988
97 98
787 789
103 104
38 39
211 212
86 44
333 328
451 452
122 1061
317 318
639 646
40 41
115 70
434 435
1043 450
458 462
811 812
47 37
401 402
506 510
562 563
439 422
143 139
904 889
132 134
702 703
258 267
140 149
367 368
965 963
80 81
104 105
574 575
188 189
531 532
198 106
111 200
554 551
159 160
529 319
644 645
2 3
157 182
825 826
438 439
108 109
1045 783
129 150
66 67
71 72
1052 429
820 811
441 428
922 932
110 111
92 65
69 112
84 85
114 125
878 879
253 249
400 336
231 275
561 562
126 124
161 162
826 827
36 29
462 461
288 191
504 505
880 881
633 625
65 66
216 217
488 480
125 126
975 976
331 329
135 136
132 133
218 219
98 93
18 17
377 378
139 138
994 1015
516 517
524 525
195 170
456 455
34 37
140 141
251 252
1059 942
356 357
598 905
610 269
141 142
970 974
399 408
666 668
622 604
21 22
129 131
142 143
192 289
288 291
286 293
1048 766
293 294
673 665
382 394
294 295
799 797
327 768
606 601
406 416
239 273
281 278
295 290
509 505
997 998
292 297
306 294
175 181
297 298
763 745
85 86
54 56
298 299
280 300
734 735
300 268
301 302
168 169
315 321
303 283
356 372
674 753
301 304
639 640
602 607
107 102
188 191
210 226
305 265
467 460
296 307
307 310
368 389
973 962
311 312
312 310
446 447
367 374
308 313
313 314
314 311
1017 1018
637 638
316 312
316 317
697 708
596 580
319 320
321 322
382 381
795 791
575 598
323 304
777 787
645 637
453 441
903 887
263 324
324 247
725 726
326 325
178 179
327 328
194 195
52 10
328 329
329 330
330 332
436 437
97 107
332 331
334 333
95 108
335 336
340 341
341 342
350 351
429 430
1004 1034
890 894
342 343
837 845
343 338
344 338
587 592
337 345
315 316
345 344
747 748
347 346
348 168
346 348
786 803
154 155
341 350
296 284
167 349
349 348
848 537
365 367
351 352
343 353
534 513
1042 1041
209 208
208 109
353 355
958 959
355 356
547 545
4 5
357 358
661 649
654 618
359 355
95 87
360 350
351 361
358 362
659 660
478 479
713 714
277 278
363 360
971 972
160 164
364 166
623 624
435 436
366 365
374 362
375 372
390 401
182 183
359 375
648 649
369 377
378 379
517 519
379 380
322 323
504 413
290 285
380 376
381 376
522 523
672 673
371 382
470 471
94 100
368 369
363 383
384 385
629 624
617 618
572 573
388 374
990 986
1028 1030
155 156
386 395
411 422
390 391
345 347
76 78
391 388
726 717
383 392
392 361
384 393
690 699
394 373
617 651
393 385
395 335
396 397
398 387
396 399
399 400
514 515
546 547
748 769
391 398
403 397
389 404
326 1054
405 406
407 401
595 916
408 409
418 419
352 392
252 254
409 410
948 930
687 633
402 413
413 414
258 259
414 415
416 412
353 354
416 418
420 421
714 846
421 417
426 425
425 427
842 970
928 929
583 590
427 434
428 429
957 958
662 744
642 643
430 426
450 449
875 876
52 49
431 426
425 432
959 953
83 63
433 431
118 119
434 379
483 484
455 467
432 433
439 378
189 287
100 101
6 1
435 440
440 441
1061 1062
874 877
507 545
443 444
869 870
171 172
436 445
302 303
473 474
449 446
862 859
445 451
454 447
638 641
455 454
448 457
11 199
383 384
459 444
821 823
454 460
842 843
460 461
461 457
287 288
463 468
468 467
469 443
26 1047
827 828
553 554
424 417
469 470
471 472
472 424
279 267
473 421
691 702
470 466
190 182
538 539
477 478
480 481
162 152
481 482
128 132
482 476
90 99
487 485
478 483
484 475
482 465
901 966
464 485
1031 792
939 940
486 481
1022 1016
166 165
563 491
479 489
493 486
488 494
818 819
814 815
494 493
496 291
146 147
497 499
851 853
839 837
408 497
307 306
380 432
497 498
510 500
498 496
996 999
285 286
521 320
498 297
187 184
499 500
796 1041
500 501
163 1057
501 502
410 504
505 506
506 503
438 443
507 508
724 725
508 509
404 405
511 512
824 817
512 510
515 516
810 726
517 501
519 522
234 235
523 521
525 526
524 528
997 1001
468 487
530 531
532 508
920 921
533 534
239 240
94 95
535 526
914 918
92 89
537 538
874 875
540 541
542 543
543 544
545 532
309 306
418 546
912 909
546 415
419 484
953 954
875 884
550 531
551 548
552 553
215 209
556 551
555 557
557 558
231 232
490 557
228 229
437 438
554 559
269 271
559 560
561 558
458 459
564 562
560 565
565 566
313 518
566 564
567 569
570 553
680 681
515 535
571 568
531
1 0 2 3 4 5 6 0.242482 0.10652
9 8 7 4 3 0.200274 0.510177
11 5 4 7 10 0.0973792 0.290087
13 12 14 15 16 1.86001 0.348778
18 12 13 17 2.01947 0.168448
20 19 21 22 14 12 18 2.36262 0.208173
24 23 2 0 25 0.385648 0.160284
30 29 28 27 23 24 26 0.498618 0.113208
32 31 9 3 2 23 27 0.438069 0.510405
28 33 34 32 27 0.692728 0.406559
29 36 35 33 28 0.761993 0.210777
41 40 39 38 37 34 33 35 0.997202 0.369825
44 43 41 35 36 42 0.943648 0.0745292
37 47 46 45 31 32 34 0.798258 0.748192
52 51 50 48 49 0.0515896 0.931168
10 7 8 51 52 0.0614118 0.644524
9 31 45 53 50 51 8 0.324758 0.838868
50 53 54 55 48 0.242589 1.02712
46 59 58 57 56 54 53 45 0.653456 1.12339
61 60 55 54 56 0.317667 1.22896
64 63 62 59 46 47 1.19722 0.965177
61 56 57 65 66 67 0.605604 1.55075
68 60 61 67 69 70 71 72 73 74 0.257356 1.48587
49 48 55 60 68 75 0.0656213 1.21958
77 76 64 47 37 38 1.39138 0.701869
77 38 39 1.19101 0.493357
79 78 76 77 39 40 1.42125 0.477706
76 78 80 81 82 83 63 64 1.71753 1.12216
84 16 15 80 78 79 1.6287 0.424573
41 43 85 84 79 40 1.24222 0.173009
86 85 43 44 1.25526 0.0290599
17 13 16 84 85 86 1.54257 0.0602884
80 15 14 22 87 88 81 2.11283 0.858193
89 62 63 83 90 91 92 1.20852 1.68046
58 59 62 89 1.03014 1.32296
95 94 93 88 87 2.58866 0.999156
98 97 96 82 81 88 93 2.0965 1.35736
99 90 83 82 96 1.59791 1.61395
98 93 94 100 101 2.56442 1.35911
106 105 104 103 102 101 100 3.16658 1.5681
107 97 98 101 102 2.49714 1.60077
21 111 110 109 108 95 87 22 2.80117 0.590639
57 58 89 92 65 0.815183 1.50019
66 114 113 112 69 67 0.270715 1.77075
115 70 69 112 116 0.0554051 1.59768
117 72 71 118 119 120 121 0.0583597 1.54224
123 73 72 117 122 0.044876 1.51865
124 113 114 125 126 0.119642 2.02226
66 65 92 91 128 127 125 114 0.702344 2.02192
126 125 127 131 129 130 0.14394 2.41684
127 128 132 133 131 0.695342 2.46411
90 99 137 136 135 134 132 128 91 1.61597 2.3985
139 138 140 141 142 143 0.323572 3.17708
147 146 145 144 138 139 0.156589 3.54856
149 140 138 144 148 0.060527 3.37998
151 150 141 140 149 0.0720286 3.10553
143 142 133 132 134 152 153 0.979545 2.95567
150 129 131 133 142 141 0.242236 2.80337
153 155 154 147 139 143 0.503455 3.63253
154 155 156 157 158 159 160 0.592111 4.31262
152 162 161 156 155 153 1.06162 3.52317
163 146 147 154 160 164 0.157568 3.88234
164 160 159 165 166 0.136311 4.34412
170 169 168 167 165 159 158 0.431389 4.83709
97 107 137 99 96 1.94477 1.88134
136 137 107 102 103 171 172 2.6829 2.15038
174 173 175 176 177 178 179 2.80994 3.65995
180 162 152 134 135 173 174 1.93619 3.27628
136 172 181 175 173 135 2.27845 2.85571
183 182 157 156 161 1.22825 4.34593
180 185 184 183 161 162 1.69715 3.8233
184 185 179 178 186 187 2.54631 4.12057
174 179 185 180 2.43825 3.79014
184 187 188 189 190 182 183 2.0588 4.52835
192 191 188 187 186 2.79841 4.5452
158 157 182 190 193 194 195 170 1.2344 4.98912
100 94 95 108 196 197 198 106 3.10679 1.08795
6 5 11 199 0.078125 0.078125
19 201 200 111 21 2.63952 0.275888
204 203 202 110 111 200 3.00883 0.236116
207 206 205 204 200 201 2.91363 0.078921
208 109 110 202 209 3.24952 0.250074
212 211 210 196 108 109 208 3.37264 0.541669
214 203 204 205 213 3.00237 0.0443204
217 216 212 208 209 215 3.46578 0.101184
215 209 202 203 214 3.15535 0.0537462
219 218 105 106 198 3.42803 1.2473
221 220 219 198 197 3.56641 1.10494
225 224 223 222 104 105 218 3.60986 1.73365
218 219 220 225 3.70403 1.34586
221 197 196 210 226 227 3.585 0.922458
220 221 227 228 229 230 224 225 4.00118 1.28472
233 232 231 171 103 104 222 3.62528 2.23628
235 234 226 210 211 3.70629 0.589166
226 234 236 228 227 3.88381 0.901609
238 237 236 234 235 4.01167 0.543254
235 211 212 216 239 240 238 3.90324 0.279506
240 243 242 241 237 238 4.49741 0.3351
244 229 228 236 237 241 4.18734 0.773126
248 247 246 245 244 241 242 4.71466 0.814954
250 249 223 224 230 4.17186 1.52504
244 245 252 251 250 230 229 4.45432 1.35502
253 233 222 223 249 4.09026 1.98061
255 254 252 245 246 4.82179 1.32383
252 254 256 257 258 259 251 4.7074 1.79807
263 262 261 260 256 254 255 5.51265 1.78172
259 253 249 250 251 4.36255 1.7721
260 266 265 264 257 256 5.18041 2.19003
268 267 258 257 264 4.79187 2.40298
270 269 271 248 242 243 272 5.0322 0.218332
273 239 216 217 3.77944 0.0800357
272 243 240 239 273 4.3195 0.0668969
274 181 172 171 231 275 3.25238 2.63037
276 176 175 181 274 3.11558 3.31215
278 277 276 274 275 3.68282 3.25221
278 275 231 232 279 280 281 3.95361 2.88348
253 259 258 267 279 232 233 4.33185 2.30687
282 277 278 281 283 284 4.16429 3.59967
286 285 177 176 276 277 282 3.43906 4.03617
288 287 189 188 191 2.47802 4.82884
177 285 290 289 192 186 178 3.23001 4.49066
289 292 291 288 191 192 3.04849 4.99632
290 285 286 293 294 295 3.79515 4.53406
284 296 293 286 282 3.93391 4.12099
299 298 297 292 289 290 295 3.62069 5.07519
268 300 280 279 267 4.44233 2.72747
280 300 301 302 303 283 281 4.69981 3.33753
264 265 305 304 301 300 268 5.13457 3.06081
306 294 293 296 307 4.18927 4.31708
309 308 299 295 294 306 4.17505 4.84881
283 303 310 307 296 284 4.43578 3.93663
310 312 311 309 306 307 4.5014 4.43247
314 313 308 309 311 4.6978 5.05088
312 310 303 302 315 316 4.86128 4.13785
314 311 312 316 317 318 319 320 5.234 4.74534
304 323 322 321 315 302 301 5.31026 3.71982
324 263 255 246 247 5.31091 1.26096
330 329 328 327 325 326 9.86848 0.0790733
331 329 330 332 9.96094 0.078125
334 333 328 329 331 9.95694 0.274034
336 335 193 190 189 287 2.26122 5.40918
338 337 339 340 341 342 343 0.353153 5.54824
345 337 338 344 0.0402623 5.46282
347 346 339 337 345 0.0626986 5.31848
348 168 169 340 339 346 0.340074 5.21888
349 167 168 348 0.15876 5.05983
170 195 352 351 350 341 340 169 0.971858 5.37485
344 338 343 353 354 0.108499 5.77443
342 358 357 356 355 353 343 0.422405 6.10624
354 353 355 359 0.115995 6.18752
360 350 351 361 0.968053 5.62344
363 362 358 342 341 350 360 0.851498 6.02081
166 165 167 349 364 0.067375 4.88719
366 365 367 368 369 370 371 0.648891 7.17748
373 372 356 357 365 366 0.296504 6.71883
358 362 374 367 365 357 0.858835 6.53658
359 355 356 372 375 0.119986 6.5009
376 370 369 377 378 379 380 0.581795 8.03582
382 371 370 376 381 0.162935 7.64728
374 362 363 383 384 385 386 387 388 1.54374 6.42513
388 391 390 389 368 367 374 1.62003 7.07136
392 383 363 360 361 1.11116 5.91137
393 384 383 392 352 195 194 1.55176 5.68728
394 373 366 371 382 0.102268 7.00886
352 392 361 351 1.34501 5.56777
193 335 395 386 385 393 194 1.94615 5.74017
384 393 385 1.66682 5.93645
386 395 396 397 398 387 2.19185 6.31702
336 400 399 396 395 335 2.50073 5.98721
398 391 388 387 1.98999 6.56273
397 403 402 401 390 391 398 2.37001 6.87839
407 406 405 404 389 390 401 2.08774 7.60123
403 397 396 399 408 409 410 2.69639 6.56026
411 377 369 368 389 404 1.22266 7.74836
412 407 401 402 413 414 415 2.62182 7.39423
416 406 407 412 2.37648 7.83391
417 405 406 416 418 419 420 421 2.34741 8.16148
424 423 422 411 404 405 417 1.79227 8.42268
426 425 427 428 429 430 0.127238 8.87443
433 432 425 426 431 0.077572 8.8102
380 379 434 427 425 432 0.398094 8.54336
381 376 380 432 433 0.0941341 8.47788
439 438 437 436 435 434 379 378 0.79153 8.74851
428 427 434 435 440 441 0.340204 8.94107
411 422 439 378 377 1.11149 8.37056
442 437 438 443 444 1.12069 9.01476
448 447 446 445 436 437 442 0.75013 9.4282
452 451 445 446 449 450 0.18092 9.46945
440 435 436 445 451 0.502505 9.1776
453 441 440 451 452 0.107456 9.10627
456 449 446 447 454 455 0.532111 9.82042
444 459 458 457 448 442 1.09357 9.46038
461 460 454 447 448 457 0.965428 9.79922
461 457 458 462 1.27671 9.75768
459 466 465 464 463 462 458 1.62672 9.65075
467 460 461 462 463 468 1.32167 9.95921
438 439 422 423 469 443 1.36361 8.60385
364 349 348 346 347 0.0312021 5.16305
472 471 470 469 423 424 1.75772 8.89971
421 473 472 424 417 2.10459 8.63757
443 469 470 466 459 444 1.44145 9.21663
420 475 474 473 421 2.33608 8.78182
477 476 471 472 473 474 2.23238 9.06557
476 477 478 479 480 481 482 2.41588 9.44318
475 484 483 478 477 474 2.69037 8.86741
470 471 476 482 465 466 1.89856 9.25514
486 485 464 465 482 481 2.12332 9.73348
468 463 464 485 487 1.83821 9.89879
488 480 479 489 490 491 492 2.74492 9.68884
493 486 481 480 488 494 2.48378 9.90561
494 488 492 495 2.83884 9.92583
287 288 291 496 400 336 2.7742 5.36429
498 497 408 399 400 496 2.87733 5.99621
292 297 498 496 291 3.16971 5.46551
502 501 500 499 497 498 297 298 3.58108 5.69058
503 409 408 497 499 3.23497 6.19921
410 504 413 402 403 2.80591 6.9817
409 503 506 505 504 410 3.20492 6.74034
509 508 507 414 413 504 505 3.14452 7.2066
500 510 506 503 499 3.60919 6.38121
510 512 511 509 505 506 3.80881 6.86243
517 516 515 514 513 512 510 500 501 4.19762 6.475
518 502 298 299 308 313 4.24188 5.45172
520 519 517 501 502 518 4.37383 5.88713
314 320 521 520 518 313 4.89389 5.40863
523 522 519 520 521 4.80478 5.86581
522 523 524 525 526 527 5.07792 6.04735
320 319 529 528 524 523 521 5.32301 5.38149
527 516 517 519 522 4.68765 6.16125
509 511 530 531 532 508 3.78807 7.33272
513 534 533 530 511 512 4.29249 7.32715
535 515 516 527 526 4.84699 6.3595
514 515 535 536 4.84467 6.57493
536 535 526 525 537 538 539 540 541 5.42972 6.31864
513 514 536 541 542 543 544 534 4.96373 6.92994
545 507 508 532 3.30586 7.64648
415 546 418 416 412 2.71931 7.87374
507 545 547 546 415 414 2.96519 7.8408
547 549 548 483 484 419 418 546 2.94811 8.40242
532 531 550 549 547 545 3.54319 8.06006
551 548 549 550 552 553 554 3.44688 8.61498
556 555 489 479 478 483 548 551 2.97924 9.07904
475 420 419 484 2.49844 8.56019
558 557 555 556 3.26996 9.32767
490 489 555 557 3.05613 9.48445
558 556 551 554 559 560 561 3.60215 9.19342
491 490 557 558 561 562 563 3.32629 9.71363
564 562 561 560 565 566 3.7411 9.81337
530 533 568 567 552 550 531 4.08664 8.07318
553 552 567 569 570 4.35439 8.70331
571 568 533 534 544 4.81371 7.60351
575 574 573 572 569 567 568 571 4.76512 8.22616
569 572 576 577 578 579 570 4.7802 8.98519
581 580 576 572 573 5.20459 8.72061
553 570 579 584 583 582 559 554 4.12019 9.17095
585 565 560 559 582 4.11978 9.70553
586 584 579 578 587 588 4.74911 9.6565
590 583 584 586 589 4.62102 9.8066
591 588 587 592 593 594 5.3253 9.93796
578 577 592 587 5.05963 9.6893
576 580 596 595 593 592 577 5.33868 9.46762
597 585 582 583 590 4.42174 9.79747
543 599 598 575 571 544 5.32468 7.55364
495 492 491 563 600 3.09214 9.90782
601 324 247 248 271 602 5.32835 0.781102
606 605 604 603 262 263 324 601 5.87109 1.4625
601 602 607 608 606 5.85602 0.811465
269 610 609 607 602 271 5.72424 0.511687
605 606 608 611 612 613 614 6.22672 1.0227
619 618 617 616 615 611 608 607 609 6.47895 0.330246
619 609 610 620 621 5.88576 0.286577
604 605 614 622 6.17194 1.40473
265 266 623 624 625 305 5.54876 2.7955
261 626 623 266 260 5.80303 2.32086
623 626 627 628 629 624 6.23815 2.54725
262 603 630 627 626 261 6.23191 1.95558
625 624 629 631 632 633 6.34664 2.92496
634 630 603 604 622 6.37522 1.6203
636 635 637 638 639 640 7.42223 0.112092
645 644 643 642 641 638 637 7.49334 0.576705
647 646 639 638 641 7.15209 0.583325
612 611 615 646 647 6.72 0.544791
613 612 647 641 642 648 649 6.93929 1.03776
640 639 646 615 616 650 6.95576 0.117218
654 653 652 651 617 618 6.41071 0.117984
650 616 617 651 655 6.62429 0.0410204
649 648 656 657 658 659 660 661 7.25489 1.79646
643 664 663 662 656 648 642 7.75192 1.25183
613 649 661 634 622 614 6.66552 1.39708
661 660 628 627 630 634 6.73255 2.15177
629 628 660 659 665 666 667 631 7.06147 2.72194
667 666 668 669 670 671 7.41854 3.40666
673 672 668 666 665 7.6536 3.08487
665 659 658 674 675 673 7.71409 2.63127
676 654 618 619 621 677 6.20995 0.173645
678 620 610 269 270 5.49526 0.146951
683 682 681 680 679 322 323 5.8255 3.8022
686 685 684 321 322 679 5.53532 3.98516
305 625 633 687 683 323 304 5.96459 3.23312
317 316 315 321 684 5.15098 4.3123
686 680 681 688 685 5.71887 4.12353
679 680 686 5.70741 4.0121
692 691 690 689 682 683 687 6.29323 3.84544
681 682 689 693 694 688 6.12064 4.28662
685 688 694 318 317 684 5.69523 4.41412
698 697 696 695 529 319 318 694 693 5.93152 5.0417
698 693 689 690 699 700 701 6.4542 4.59118
692 687 633 632 6.41384 3.44879
667 671 702 691 692 632 631 6.91184 3.53139
703 702 671 670 7.26317 3.79037
702 703 704 705 699 690 691 7.25508 4.07647
669 707 706 704 703 670 7.71767 3.76024
711 710 709 708 701 700 7.04598 4.73162
697 698 701 708 6.65995 4.99172
705 712 711 700 699 7.23719 4.38993
697 708 709 713 714 715 696 6.6236 5.35722
711 712 716 717 718 710 7.61515 4.62383
704 706 720 719 716 712 705 7.78322 4.2203
710 718 721 713 709 7.34988 4.99078
726 725 724 723 722 721 718 717 7.8546 5.0076
727 644 645 728 729 8.02886 0.368429
731 730 664 643 644 727 8.04898 0.686519
733 732 734 735 736 737 738 739 8.99917 1.88982
744 662 663 743 742 741 740 732 733 8.44984 1.21454
745 734 732 740 8.90869 1.52577
743 730 731 746 747 748 749 750 742 9.01923 0.64987
663 664 730 743 8.10347 1.00746
657 656 662 744 7.7593 1.5406
751 746 731 727 729 752 8.72335 0.2172
744 733 739 753 674 658 657 7.97773 1.84056
755 754 675 674 753 8.15606 2.62467
754 755 738 737 756 757 758 8.86767 2.62183
739 738 755 753 8.3728 2.12199
673 675 754 758 759 760 672 8.29171 3.13272
752 729 728 761 762 8.25142 0.146336
637 635 761 728 645 7.83552 0.19495
765 764 735 734 745 763 750 749 9.36663 1.27956
741 742 750 763 8.9219 1.05123
740 741 763 745 9.04427 1.35308
767 766 768 747 746 751 9.30398 0.186384
327 328 333 769 748 747 768 9.71177 0.41906
748 769 770 771 772 765 749 9.64846 0.909651
773 770 769 333 334 9.88864 0.635384
778 777 776 775 774 756 737 736 9.42567 2.48529
781 778 736 735 764 779 780 9.78536 1.56496
764 765 772 782 783 779 9.81739 1.18764
786 785 784 757 756 774 9.10511 3.49796
787 777 778 781 9.83955 2.2453
789 788 776 777 787 9.87984 2.77128
791 790 792 793 794 795 9.47093 9.80982
799 794 793 798 796 797 9.84831 9.48965
795 794 799 800 9.84375 9.84375
788 802 801 775 776 9.67315 3.05424
803 786 774 775 801 9.39918 3.4809
706 707 804 805 720 8.00107 3.85518
668 672 760 804 707 669 8.01775 3.36672
808 807 806 805 804 760 759 8.31028 3.70491
757 784 808 759 758 8.67987 3.25337
809 719 720 805 806 8.17841 4.10724
726 717 716 719 809 810 7.99901 4.4888
813 812 811 725 726 810 8.19622 4.60465
813 810 809 806 807 814 815 816 8.51045 4.11339
820 819 818 817 724 725 811 8.39703 5.07104
820 811 812 821 822 8.46474 4.69574
823 821 812 813 816 8.55582 4.35759
824 723 724 817 7.97899 5.38206
784 785 814 807 808 8.75292 3.70985
803 828 827 826 825 815 814 785 786 9.2123 4.08371
802 830 829 828 803 801 9.67249 3.69168
833 832 831 827 828 829 9.67134 4.42477
834 823 816 815 825 8.78715 4.34676
834 822 821 823 8.58029 4.56872
825 826 836 835 819 820 822 834 9.02199 4.83152
839 838 835 836 831 832 837 9.70788 5.04182
826 827 831 836 9.38168 4.50021
838 843 842 841 840 818 819 835 8.89001 5.47696
844 830 802 788 789 9.90811 3.26229
845 833 829 830 844 9.90988 3.77657
677 621 620 678 5.97261 0.0717517
847 846 714 713 721 722 7.28334 5.37727
537 525 524 528 848 5.42241 5.82136
695 849 848 528 529 5.84966 5.50162
849 850 538 537 848 5.7617 5.85619
538 850 851 852 539 5.88611 6.06255
695 696 715 853 851 850 849 6.2193 5.7462
854 852 851 853 855 856 6.48882 6.19522
858 857 540 539 852 854 5.85265 6.41702
540 857 860 859 542 541 5.53964 6.83908
862 861 599 543 542 859 5.49114 7.20357
863 862 859 860 5.78546 7.02407
863 860 857 858 864 865 5.98591 6.83248
864 858 854 856 866 867 868 6.51811 6.63457
861 862 863 865 869 870 5.85311 7.27218
846 855 853 715 714 6.79286 5.66772
846 847 871 872 873 866 856 855 7.22361 6.02739
723 824 871 847 722 7.6346 5.56196
866 873 874 875 876 867 7.25503 6.61347
879 878 877 874 873 872 7.72884 6.39556
881 880 869 865 864 868 6.25448 7.03748
876 883 882 881 868 867 6.74887 6.9711
877 888 887 886 885 884 875 874 7.55472 7.12258
890 889 883 876 875 884 6.97741 7.2231
893 892 891 880 881 882 6.38086 7.49066
897 896 895 894 890 884 885 7.11613 7.59748
885 886 898 899 897 7.56659 7.67262
903 902 901 900 898 886 887 8.2842 7.49101
904 893 882 883 889 6.66264 7.41331
870 905 598 599 861 5.69848 7.48775
880 891 907 906 905 870 869 6.0424 7.46675
906 908 574 575 598 905 5.70395 7.91722
908 906 907 909 910 6.21165 8.21785
907 891 892 911 912 909 6.45405 8.0163
910 914 913 581 573 574 908 5.7907 8.52213
913 915 596 580 581 5.69814 9.13975
917 916 595 596 915 6.06139 9.67436
915 913 914 918 919 920 921 917 6.38777 9.3569
912 923 922 918 914 910 909 6.775 8.80477
926 916 917 921 924 925 6.51374 9.8965
894 895 911 892 893 904 6.73542 7.8279
890 894 904 889 6.85763 7.64599
896 929 928 927 923 912 911 895 7.11879 8.34001
930 929 896 897 899 7.48407 7.9643
931 919 918 922 932 6.90037 9.30919
934 933 920 919 931 935 6.99135 9.80123
923 927 938 937 936 932 922 7.32331 9.15688
935 931 932 936 939 940 941 7.43687 9.83997
924 921 920 933 942 943 6.70892 9.80113
948 947 946 945 944 938 927 928 7.77999 8.73507
948 928 929 930 7.66211 8.25172
951 950 949 939 936 937 7.57051 9.47615
900 952 947 948 930 899 898 8.0321 8.00524
594 593 595 916 926 5.99375 9.92624
817 818 840 954 953 879 872 871 824 8.09558 5.77227
954 840 841 955 956 8.7944 5.85046
959 958 957 878 879 953 8.41236 6.27922
956 955 962 961 960 958 959 9.00872 6.53131
964 963 957 958 960 8.48108 6.70241
959 953 954 956 8.59658 6.01356
963 965 888 877 878 957 8.02105 6.62212
964 902 903 965 963 8.29367 6.95679
887 888 965 903 8.0693 7.03346
960 961 966 901 902 964 8.71511 7.07493
900 901 966 967 968 969 952 8.68689 7.79857
842 970 971 972 973 962 955 841 9.32287 6.27056
843 977 976 975 974 970 842 9.57248 5.86419
979 978 971 970 974 9.70378 6.41758
981 980 972 971 978 982 9.82221 6.84521
983 976 977 984 9.85859 5.90213
986 985 975 976 983 987 9.94905 6.0811
988 984 977 843 838 839 9.71114 5.50667
985 989 979 974 975 9.89185 6.22014
982 978 979 989 990 9.96517 6.39388
967 991 992 993 994 968 9.16965 7.81956
966 961 962 973 996 995 991 967 9.17774 7.17111
999 998 997 992 991 995 9.4724 7.59442
996 999 995 9.41773 7.39167
973 972 980 1000 998 999 996 9.68499 7.1909
1000 1003 1002 1001 997 998 9.78407 7.63019
1005 1004 993 992 997 1001 9.47415 7.83421
1007 1005 1001 1002 1006 9.85371 7.86867
1008 1003 1000 980 981 9.9421 7.40095
969 1010 1009 946 947 952 8.2701 8.34123
1012 1011 951 937 938 944 7.71024 9.09806
1015 1014 1013 1009 1010 8.69086 8.48855
1018 1017 1016 945 946 1009 1013 8.36214 8.77369
1015 1010 969 968 994 8.84852 8.12982
1016 1017 1019 1020 1021 1022 8.55451 9.34144
1024 1023 1019 1017 1018 8.82343 9.03341
1022 1026 1025 1012 944 945 1016 8.2215 9.19526
950 951 1011 7.78923 9.3028
1025 949 950 1011 1012 7.99226 9.30486
941 940 1026 1022 1021 1027 8.18792 9.83875
949 1025 1026 940 939 7.87897 9.66697
1027 1021 1020 1030 1028 1029 8.63835 9.84806
1023 1032 1031 1030 1020 1019 8.96835 9.49776
1033 1024 1018 1013 1014 8.85405 8.73663
1014 1015 994 993 1004 1034 1035 1033 9.25564 8.35769
1037 1036 1034 1004 1005 1007 9.83428 8.14714
1038 1032 1023 1024 1033 1035 9.20118 9.06944
1036 1040 1039 1038 1035 1034 9.63918 8.53825
1028 1030 1031 792 790 9.07769 9.73824
1038 1039 798 793 792 1031 1032 9.54895 9.23623
1040 1041 796 798 1039 9.75659 9.02659
1042 1041 1040 1036 1037 9.90307 8.7274
990 989 985 986 9.97014 6.16173
450 449 456 1043 0.15625 9.84375
130 129 150 151 0.0175252 2.81694
837 832 833 845 9.90864 4.38077
1044 207 201 19 20 2.76509 0.0454893
780 779 783 1045 9.98945 1.18989
1029 1028 790 791 9.07594 9.94351
42 36 29 30 0.646577 0.0833016
1046 771 770 773 9.94576 0.901164
26 24 25 1047 0.40646 0.00767067
987 983 984 988 9.95359 5.88343
566 565 585 597 4.01783 9.95408
762 761 635 636 7.78695 0.0581066
766 1048 325 327 768 9.67001 0.172716
75 68 74 1049 0.0545518 1.38234
655 651 652 1050 6.50004 0.0222427
1051 782 772 771 1046 9.93118 1.0631
1052 429 428 441 453 0.0733745 8.95136
1047 25 0 1 0.345937 0.0236395
797 796 1041 1042 9.93686 9.05273
600 563 562 564 3.47256 9.90484
375 372 373 394 0.0337799 6.71571
487 485 486 493 2.19787 9.95469
213 205 206 1053 2.93527 0.00674064
455 454 460 467 0.887792 9.94442
116 112 113 124 0.0375929 1.71675
1054 1048 766 767 9.60114 0.052248
925 924 943 1055 6.62294 9.93523
1056 653 654 676 6.36529 0.0494669
148 144 145 1057 0.0181002 3.51102
589 586 588 591 4.82834 9.966
1006 1002 1003 1008 9.96052 7.66901
1053 206 207 1044 2.87138 0.0344222
1058 118 71 70 115 0.0490539 1.55419
326 325 1048 1054 9.77471 0.0237592
1059 942 933 934 6.7643 9.93756
1050 652 653 1056 6.44396 0.0100602
1057 145 146 163 0.0445528 3.62707
1045 783 782 1051 9.97971 1.12685
431 426 430 1060 0.00677025 8.85866
1049 74 73 123 0.0423535 1.47478
1055 943 942 1059 6.67328 9.99329
1060 430 429 1052 0.00721164 8.88919
122 117 121 1061 0.0132016 1.53667
1061 121 120 1062 8.00177e-005 1.54421
1063 119 118 1058 0.016777 1.54892
1062 120 119 1063 0.00241351 1.54601
