0
379
139 143
142 91
107 140
144 138
112 137
132 13
140 130
83 143
114 126
132 141
137 124
34 137
128 48
127 76
114 22
122 135
92 122
135 35
112 34
111 123
120 53
9 120
110 63
63 135
109 93
35 63
38 31
30 38
129 9
61 2
53 133
83 129
78 30
61 9
18 61
104 97
107 17
93 94
46 93
19 103
18 87
95 26
26 94
30 46
94 30
123 136
71 123
104 75
96 75
38 19
68 9
26 68
49 18
95 54
49 56
133 78
124 107
56 95
69 49
25 54
56 54
69 56
83 61
123 44
124 17
139 83
92 35
133 92
143 129
35 122
68 49
33 49
37 42
39 42
108 83
78 38
113 125
42 125
91 113
40 83
42 40
73 42
40 73
73 61
33 73
70 13
13 115
8 58
115 76
61 33
37 39
8 37
120 133
70 76
119 70
58 23
138 113
66 58
16 69
26 30
33 15
9 30
88 15
46 94
86 39
16 20
88 16
87 68
82 86
82 81
88 20
39 73
88 39
94 95
64 111
109 46
9 53
0 77
79 64
90 105
47 41
89 106
130 119
132 70
32 47
43 71
102 13
86 81
141 102
13 141
32 41
89 55
96 104
36 29
113 37
27 17
81 7
34 12
52 51
77 121
71 59
44 71
7 24
7 28
22 126
50 99
61 87
10 5
23 65
60 62
26 56
60 11
59 79
79 44
27 72
8 119
82 51
133 31
3 82
27 3
89 85
17 140
28 11
7 20
140 66
88 33
8 65
72 3
52 45
29 111
2 83
60 89
142 144
55 43
66 27
31 19
3 45
22 57
96 54
112 57
89 118
51 3
95 96
51 7
5 101
81 88
52 62
66 23
112 22
62 11
11 41
98 99
76 8
84 6
70 115
25 75
70 8
101 114
117 90
34 27
34 72
41 43
76 37
59 43
115 127
43 4
3 52
90 67
68 56
85 60
41 55
15 49
131 101
22 10
21 118
91 138
16 15
14 75
118 60
74 29
28 62
31 110
114 5
126 112
63 31
45 60
21 60
1 80
116 128
52 28
72 12
23 8
106 118
5 131
4 89
10 12
45 72
89 43
91 144
135 110
46 103
2 9
5 22
55 85
30 53
57 34
85 41
4 106
19 30
21 45
41 59
29 0
136 71
54 69
121 29
64 44
51 81
59 64
127 91
117 77
78 31
74 64
59 74
64 29
66 130
134 1
52 60
1 100
46 19
80 121
128 105
58 130
121 111
0 36
36 50
80 77
127 142
102 115
8 39
77 1
28 51
36 98
32 7
105 117
129 120
3 65
67 105
49 16
90 77
12 57
0 90
75 97
54 75
50 116
88 86
116 48
0 48
48 50
48 67
108 40
20 81
1 117
90 48
69 20
12 21
117 100
71 79
6 74
0 50
99 116
25 6
17 66
24 32
4 136
100 134
136 106
74 84
84 47
23 27
47 6
111 44
65 82
6 36
84 41
103 109
36 74
47 24
24 25
134 121
31 35
129 2
12 45
25 47
9 26
3 23
69 25
24 69
83 73
103 31
119 58
25 14
118 5
14 6
118 10
11 85
98 50
0 121
97 14
97 98
76 113
36 97
71 4
57 10
67 128
108 139
119 132
110 103
118 131
36 14
80 134
40 125
76 91
41 28
59 84
33 18
18 68
35 133
10 21
20 24
125 108
53 78
73 88
124 27
125 37
34 124
65 39
9 87
32 28
39 82
235
5 22 10 1.63968 0.947102
5 101 114 0.734637 0.355252
10 21 118 1.41942 2.02559
118 60 89 0.987498 3.55239
21 60 118 1.44744 2.63771
12 21 10 2.36399 1.79477
57 10 22 2.21515 0.764713
11 85 60 2.04924 4.04157
112 22 126 2.13593 0.120687
118 89 106 0.315375 4.13577
4 89 43 0.869755 5.09904
4 106 89 0.476182 5.05868
43 89 55 1.15346 4.98631
71 4 43 0.75457 5.54595
55 85 41 1.78916 5.18347
85 55 89 1.2303 4.87384
11 41 85 2.25136 4.90369
55 41 43 1.71232 5.29595
89 60 85 1.45792 4.3136
59 43 41 1.77592 5.75937
60 21 45 2.49776 2.6124
5 131 101 0.317971 0.771919
57 34 12 2.87644 0.872657
57 22 112 2.40438 0.29355
12 34 72 3.27148 1.29439
45 21 12 2.77021 2.13163
45 72 3 3.65526 2.2081
72 45 12 3.28337 2.00512
51 3 82 4.56699 3.34659
45 3 52 3.45839 2.57157
34 27 72 3.83013 1.11006
52 60 45 2.81405 2.84936
60 62 11 2.56315 3.79634
60 52 62 2.74806 3.39067
62 52 28 3.29935 3.76753
11 62 28 3.11444 4.1732
28 51 7 4.14386 4.57321
51 28 52 3.7611 3.73525
32 7 24 4.30464 5.94488
7 32 28 4.0614 5.25808
51 81 7 4.698 4.5965
32 41 28 3.46127 5.40747
52 3 51 3.85414 3.08059
28 41 11 3.00435 4.76928
3 72 27 4.10816 1.81827
12 10 57 2.48212 1.24654
13 141 102 9.56031 0.192845
41 32 47 3.59031 6.1418
71 79 44 0.773845 6.53074
79 71 59 1.01812 6.38067
44 79 64 0.977187 6.78326
44 64 111 0.667366 7.09222
29 0 121 1.15058 8.44183
59 64 79 1.22146 6.63319
74 64 59 1.80956 6.90979
29 111 64 1.00052 7.43595
43 59 71 1.10187 5.89665
77 121 0 0.814331 8.90669
134 1 100 0.193233 9.56901
29 121 111 0.596991 8.01741
1 80 77 0.646268 9.28562
105 117 90 1.22617 9.8043
67 105 90 1.5132 9.73105
90 77 0 1.2905 9.12766
50 116 48 2.19825 9.52237
48 67 90 1.58181 9.60801
90 0 48 1.59837 9.27234
117 77 90 0.986908 9.53658
77 80 121 0.453035 9.09161
1 117 100 0.443233 9.77734
0 50 48 2.00184 9.11345
106 4 136 0.160807 5.29791
84 6 74 2.96218 6.94705
6 84 47 3.41671 6.67389
74 6 36 2.99467 7.5359
74 29 64 1.89845 7.40359
47 24 25 4.28965 6.55415
47 84 41 3.05271 6.20311
69 25 24 4.97785 6.62689
47 25 6 4.06123 6.82338
32 24 47 4.18272 6.34334
6 25 14 4.04588 7.16495
36 50 0 2.29174 8.55524
29 74 36 2.35343 7.72046
50 36 98 2.82747 8.63082
99 116 50 2.62964 9.64541
75 97 14 4.15644 7.8678
97 98 36 3.28116 8.40806
67 128 105 1.66204 9.92675
98 99 50 2.96895 9.31208
110 103 31 8.84083 9.76455
97 36 14 3.52894 7.9441
6 14 36 3.43385 7.60431
0 29 36 2.0091 8.17724
14 25 75 4.29366 7.32454
74 59 84 2.23205 6.6378
41 84 59 2.20837 6.11558
46 103 109 7.91286 9.80301
24 7 20 4.7172 5.65333
108 40 125 9.65298 4.41477
82 3 65 5.08748 2.99862
34 124 27 3.79165 0.515469
66 27 17 5.2691 0.985551
82 65 39 5.73127 3.22515
23 65 3 5.27951 2.60219
23 27 66 5.5492 1.69426
23 8 65 6.38058 2.34539
39 65 8 6.34433 2.54979
130 119 58 6.76413 0.524567
73 88 39 6.86032 3.9636
88 20 81 5.4978 4.61962
20 7 81 5.0281 4.98981
81 51 82 5.02809 4.02453
86 81 82 5.47423 4.05313
88 16 20 5.81771 4.92572
88 86 39 5.79653 3.80349
49 16 15 6.58562 5.77304
15 16 88 6.19019 4.99848
15 88 33 6.60049 5.05025
88 81 86 5.61383 4.25489
82 39 86 5.65692 3.60172
20 16 69 5.91428 5.76711
23 66 58 6.22678 1.80064
69 24 20 5.28347 6.12453
119 70 8 7.99149 0.937164
66 130 58 6.31362 0.973015
8 70 76 8.64353 1.54816
8 37 39 7.40206 2.48718
115 76 70 9.55934 1.41613
119 8 58 7.09833 1.07326
13 115 70 9.50927 0.997983
115 13 102 9.76864 0.609512
66 17 140 5.64088 0.567363
8 76 37 8.59385 2.06615
73 61 33 8.27417 5.35206
88 73 33 7.40783 4.77287
40 73 42 8.9671 4.30117
83 73 40 9.19829 4.97346
113 37 76 9.50966 2.35079
113 76 91 9.8041 2.1507
40 42 125 9.34443 4.04542
125 37 113 9.69095 2.98979
40 108 83 9.57562 5.13438
39 42 73 7.94103 3.8351
37 42 39 8.00931 3.2358
49 15 33 6.99592 5.8248
133 92 35 9.84606 9.53764
8 23 58 6.59482 1.90089
17 27 124 4.46962 0.537104
83 61 73 9.02239 5.48037
54 69 56 6.10408 7.23077
75 25 54 4.79065 7.2997
56 69 49 6.60949 6.91994
54 56 95 6.06344 7.71954
49 18 68 7.40741 6.46471
49 69 16 6.47761 6.25713
9 26 68 7.82156 7.1437
49 68 56 7.05089 6.8804
33 18 49 7.43313 6.07834
56 68 26 7.06192 7.29479
54 95 96 5.50076 7.93386
96 75 54 4.98677 7.75365
75 96 104 4.65268 7.95376
136 71 123 0.20019 6.04102
46 94 30 7.48315 9.08209
26 94 95 6.59456 8.37075
103 46 19 8.22445 9.52517
46 93 94 7.07354 9.46967
30 94 26 7.33749 8.56052
107 17 124 4.63306 0.118915
26 95 56 6.57989 7.82309
104 97 75 4.31934 8.04308
68 18 87 7.76027 6.32891
25 69 54 5.34528 6.99115
30 26 9 8.08246 7.86177
61 87 18 8.08865 6.10624
9 87 61 8.49177 6.37083
78 30 53 8.77652 8.53534
129 2 83 9.64062 6.17699
2 9 61 8.85071 6.43031
2 129 9 9.37363 6.50864
30 9 53 8.82058 7.93387
61 83 2 9.1177 6.09867
53 133 78 9.36691 8.50626
30 38 19 8.52952 8.99128
38 30 78 8.57952 8.83851
19 38 31 8.71074 9.14342
31 103 19 8.65242 9.48671
31 35 63 9.20296 9.69095
38 78 31 8.76074 8.99065
109 93 46 7.41286 9.80301
63 135 110 9.32858 9.9721
31 78 133 9.20242 8.91727
31 63 110 9.1069 9.73665
31 133 35 9.43688 9.30219
46 30 19 8.13406 9.13759
53 9 120 9.41097 7.48812
9 68 87 8.16339 6.5935
18 33 61 7.90404 5.88296
111 123 44 0.263834 6.84035
112 34 57 2.76521 0.270143
23 3 27 4.81617 2.05131
91 138 113 9.98539 2.26887
135 35 122 9.53356 9.95431
5 114 22 1.41224 0.475939
127 76 115 9.81871 1.65266
116 128 48 1.94361 9.87696
117 1 77 0.703974 9.50962
5 10 118 0.962074 1.65975
70 119 132 8.49063 0.388472
120 9 129 9.65565 6.88459
80 134 121 0.192294 9.15101
35 92 122 9.72106 9.95431
44 123 71 0.464024 6.42303
34 137 124 3.3301 0.0972802
37 125 42 9.38239 3.45378
22 114 126 1.71927 0.120687
76 127 91 9.8041 1.94237
48 128 67 1.73065 9.80371
83 143 129 9.92264 6.03211
140 130 66 6.00782 0.448447
5 118 131 0.317971 1.60525
70 132 13 9.09261 0.581317
53 120 133 9.75532 8.10353
1 134 80 0.385527 9.34501
35 135 63 9.42463 9.9264
71 136 4 0.360997 5.71393
34 112 137 2.91343 0.0972802
91 144 138 9.98539 2.13867
83 108 139 9.92264 5.51128
17 107 140 5.25806 0.118915
13 132 141 9.14364 0.192845
91 127 142 9.98539 2.00846
83 139 143 9.92264 5.82378
91 142 144 9.98539 2.08658
