330
0.17795 1.78977
0.598862 1.97763
0.0627718 1.5625
0.856059 0.9375
0.899594 0.923204
1.32126 1.42079
0.0636211 2.03125
0.241259 2.22504
0.40611 2.34415
0 2.03125
0 1.5625
2.8125 0.26022
2.8125 0
2.37514 0.619939
2.1875 0.344786
2.1875 0
1.5625 0.194509
0.9375 0.810433
0.897932 0.897932
1.48849 1.50964
2.08833 1.32309
2.3369 1.06757
1.5625 0
0.222789 0.46875
0 0.46875
0.873924 0.873924
0 0.9375
0.210104 2.22656
0.406099 2.34839
0.115291 2.32422
0.000917253 2.29492
0.00401123 2.27539
0 2.22656
1.5546 2.43602
0.835674 3.12319
0.76326 3.05331
0.578668 2.81944
0.472695 2.65625
0.411173 2.42188
3.12897 2.53623
3.09193 2.60055
1.65636 2.49717
3.33559 2.40159
3.32417 1.51453
2.78523 1.11022
4.375 0.660867
4.37034 0.708076
5.07812 0.0503758
5.23437 0.0958279
5.46875 0.435681
5.4702 0.441155
4.47184 0.76333
3.4375 0.300719
3.4375 0
3.74062 0.621159
4.14908 0.781209
4.375 0
5.07813 0
0.179156 2.85156
0.607865 3.04687
0.0362849 2.94922
0.00502285 2.9248
0.00368132 2.91504
0.0184139 2.90039
0 2.85156
0 2.65625
0.835049 3.13953
2.07539 3.28828
1.47631 3.62962
0 3.04688
0.617007 3.4375
0 3.4375
0.462917 4.375
0 4.375
0.868543 4.79299
1.22171 4.7925
1.61549 4.11912
0.27224 5.625
0 5.625
0.456617 5.48799
2.89872 3.56656
2.98655 3.45124
2.8124 4.00067
2.88594 4.28781
2.47421 4.9617
1.33889 4.88465
3.60139 4.69102
3.70451 4.65509
4.14329 3.69097
4.09614 3.6147
1.85801 6.54928
4.55471 2.65897
4.31012 2.44136
3.99099 2.34686
0.0897262 0.15625
0 0.15625
0.15625 0.0681912
0.15625 0
0 0
0.46875 0.143167
3.11574 0.884818
3.00584 0.297027
4.0425 0.96457
4.67324 1.62632
4.64748 1.01351
5.22196 1.87794
5.07383 2.74877
5.42892 1.65047
5.63667 1.71088
5.73897 2.93854
5.51818 2.95671
5.40802 2.946
5.2943 1.2927
5.95026 0.847323
5.75479 0.52444
4.72709 4.06559
4.76664 4.03882
4.65199 4.7103
4.8601 5.02342
5.76383 5.09612
6.00428 4.59272
5.47762 4.14658
9.6875 0.185243
9.0625 0.164755
9.92907 0.625
9.69407 0.791116
9.27276 0.675611
9.01637 0.245715
9.0625 0
9.6875 0
10 0.625
10 0
4.40557 5.78899
4.28806 5.89043
4.01087 5.90501
3.60706 5.24496
1.92263 6.66091
1.92001 6.66482
1.90474 6.67996
1.59635 6.82138
0.545216 6.80005
2.4479 6.4267
2.60892 5.574
2.87233 7.84324
3.593 7.1541
3.23377 6.58382
2.84545 8.48183
3.62871 7.18336
3.33983 8.48905
2.18709 8.61678
2.59787 8.61185
0.346613 8.125
0.792205 8.40648
0.418005 6.875
0.918537 8.39362
0.267125 9.375
0 9.375
0 8.125
0 6.875
1.78531 8.85322
1.73117 9.35959
0.625 9.82662
1.875 9.6813
3.05942 9.74192
3.125 9.79712
3.125 10
1.875 10
0.625 10
4.375 9.52362
5.41529 9.5098
4.10893 9.184
4.10058 9.05648
5.00249 8.52774
5.17893 8.6547
5.625 9.70916
5.625 10
5.55219 9.57533
4.375 10
3.87888 8.70807
3.95793 7.30676
4.88491 6.91604
5.51536 7.11861
5.61001 6.09812
5.94038 5.48169
6.65734 5.75911
6.41928 7.05473
5.81457 7.32004
5.62631 7.25612
4.107 7.67729
4.36139 7.78357
5.54643 7.35057
3.90682 8.64294
4.62074 8.0508
5.02787 8.12516
6.33676 8.48041
6.27654 8.5251
6.95149 5.70419
7.13856 5.55781
7.00057 4.49209
6.41604 4.23451
6.43709 1.53696
6.06798 0.91361
6.57197 0.480302
6.20841 0.176943
5.9375 0.189273
7.09938 1.99959
7.00334 2.16355
6.15151 2.97556
7.29865 1.907
7.71361 1.4895
7.75671 1.40492
7.78858 1.14926
7.1875 0.516751
6.75545 0.398589
6.71875 0.310443
6.40625 0.0418633
5.46875 0
5.9375 0
8.10929 2.87709
7.90641 3.31321
7.6358 3.49934
7.47386 3.36384
8.41634 2.96844
9.20953 2.74267
9.20817 2.69283
6.41225 3.69321
6.9327 3.63494
7.70318 3.98192
7.80921 4.26682
8.39444 3.61606
8.41225 3.66522
8.3235 4.1805
8.00734 4.34742
6.71875 0
7.1875 0
8.99332 0.843794
7.96973 0.904906
8.125 0.531875
9.2683 1.50035
9.53489 1.31516
9.22817 1.54487
9.40442 2.30283
9.69743 2.1875
9.95746 1.5625
10 1.5625
8.125 0
9.71059 4.375
9.38433 4.09167
9.47863 5.17738
9.4591 5.18835
9.39833 5.19715
8.93374 5.25159
8.87467 4.2468
9.44285 3.125
10 3.125
9.43476 3.15164
10 4.375
9.75879 5.3125
10 5.3125
10 2.1875
8.15919 5.50937
8.2311 5.56967
8.61308 5.44897
6.40625 0
7.48008 7.13974
7.7047 7.77481
6.82028 8.39544
6.4401 8.51967
7.55344 6.99949
8.04417 6.59896
8.25476 5.76478
8.60227 8.37848
9.03878 7.49033
8.63162 6.85838
8.70487 8.67003
8.70795 8.76764
8.69308 9.06467
7.68036 9.05433
6.54711 9.65124
6.73489 9.20775
7.07153 9.29238
7.2992 9.76703
8.75 9.52973
8.781 9.375
10 9.375
8.75 10
10 10
7.1875 9.93965
7.1875 10
6.5625 9.68745
9.71118 8.67187
9.97114 8.57422
9.99882 8.53516
9.92588 8.47656
9.39205 8.37294
10 8.67188
6.5625 10
9.15677 5.83492
9.22907 5.79611
8.83585 6.17189
9.32703 6.20957
9.50469 6.30391
9.63085 6.09484
9.4675 5.70787
8.88572 6.60086
9.89068 5.9375
9.54648 6.55766
10 5.9375
9.71907 6.875
10 6.875
9.42713 7.25886
9.56232 8.28125
9.98512 7.8125
10 7.8125
0 10
0 2.42188
0.46875 0
0.9375 0
5.23438 0
10 8.28125
0 2.32422
10 8.57422
10 8.47656
0 2.90039
0 2.27539
10 8.53516
0 2.94922
0 2.91504
0 2.29492
0 2.9248
493
326 329
329 61
323 327
327 62
69 326
32 324
64 323
323 63
319 322
321 291
318 57
295 321
319 311
316 97
216 318
318 48
259 244
317 316
17 317
65 315
315 38
314 156
167 314
320 328
309 313
233 263
313 312
312 310
311 312
294 311
310 272
308 310
309 307
308 309
306 308
306 301
304 306
302 305
296 288
249 303
304 299
273 304
302 303
300 301
299 300
270 299
298 250
297 298
307 305
262 297
175 296
296 289
284 295
295 290
327 329
294 274
293 294
275 290
289 287
288 287
140 77
139 140
138 139
17 18
136 137
99 96
134 135
232 228
133 134
118 132
129 131
130 124
186 187
132 133
199 225
277 280
112 104
106 105
97 96
72 74
104 51
38 28
158 153
137 138
16 17
250 251
100 44
84 85
71 69
161 155
237 127
210 240
95 98
137 143
125 126
95 24
93 42
6 7
277 266
85 90
89 81
50 51
23 94
166 167
88 89
185 186
119 120
44 21
40 41
208 209
315 320
87 88
90 79
86 87
98 97
117 87
198 228
271 272
83 86
244 243
117 118
83 84
209 210
82 80
76 82
81 40
124 125
322 293
73 78
37 65
78 77
147 179
108 200
138 149
136 141
35 59
1 0
228 227
102 55
30 31
29 30
72 73
135 86
159 149
245 234
111 106
32 27
33 34
223 224
218 222
53 52
20 21
151 153
19 20
123 122
220 221
5 19
141 142
251 252
3 26
122 124
43 44
107 112
115 116
23 25
205 206
284 283
14 16
69 59
145 134
57 47
307 258
66 70
192 189
205 208
5 1
326 60
7 8
101 100
28 29
121 116
0 2
264 268
8 1
121 110
12 11
232 260
180 181
26 24
120 121
131 130
3 4
116 111
285 286
287 281
108 109
68 66
80 81
143 144
211 212
82 83
11 13
85 75
2 10
2 3
14 15
8 28
115 117
301 302
64 58
13 14
313 319
89 91
15 22
328 30
47 48
25 18
144 147
62 63
198 199
110 111
56 53
167 161
78 158
92 103
278 279
9 6
26 10
39 42
19 33
34 35
27 7
10 9
0 6
18 4
128 123
150 163
179 188
285 288
201 113
286 284
208 218
39 40
107 108
42 43
41 33
48 49
204 217
91 92
281 282
46 45
49 50
321 325
77 79
168 170
103 104
225 207
305 257
45 47
126 127
63 58
163 162
129 128
122 129
54 55
231 232
274 275
264 265
290 291
145 141
215 203
79 74
109 110
76 68
258 257
96 94
213 214
189 190
105 107
45 56
56 57
37 38
195 173
51 46
176 169
58 36
52 101
59 60
43 102
245 128
61 62
65 64
102 93
41 67
247 246
88 115
31 27
67 80
248 249
291 292
272 273
67 68
24 23
206 207
11 101
190 193
144 145
66 34
70 71
278 289
60 61
169 168
15 12
114 50
112 113
92 93
269 270
75 76
246 248
73 71
213 202
135 142
171 172
268 196
146 143
280 279
320 29
148 146
149 150
292 293
226 227
22 16
150 146
280 281
180 133
152 151
21 13
52 54
153 140
270 261
324 328
139 154
55 46
156 155
12 53
164 163
142 84
155 152
229 230
157 156
157 158
170 171
154 159
159 160
324 31
160 161
300 297
165 164
162 166
166 165
181 182
173 169
175 174
25 99
174 176
168 177
177 175
242 243
162 160
177 165
148 178
178 171
236 237
179 180
4 5
201 202
303 298
204 114
113 114
259 242
36 37
233 214
182 132
183 184
184 185
187 181
188 189
241 242
188 191
191 178
172 193
193 192
222 223
186 194
94 95
184 196
197 198
199 120
226 225
200 201
217 216
202 203
203 204
74 75
200 205
207 109
210 211
105 103
147 148
212 213
176 195
214 215
216 49
322 325
218 219
164 170
219 220
221 206
316 99
91 106
224 209
221 226
265 266
118 119
227 220
230 231
20 39
212 234
234 233
126 235
235 236
235 238
9 32
197 260
238 239
239 125
240 238
229 222
172 173
240 241
243 239
241 224
185 264
130 244
196 197
237 245
182 183
249 250
252 247
194 195
254 253
253 255
90 136
255 247
267 194
325 292
35 36
246 256
183 119
256 254
191 192
257 248
190 187
219 229
256 258
127 123
236 211
253 223
254 259
252 231
317 22
260 261
261 262
262 251
263 215
217 263
266 267
268 269
151 157
265 271
273 269
154 152
271 274
275 276
100 54
276 277
174 278
70 72
279 267
282 283
283 276
230 255
282 285
164
1 0 2 3 4 5 0.689842 1.47891
8 7 6 0 1 0.322891 2.0493
10 2 0 6 9 0.0648394 1.79602
12 11 13 14 15 2.47646 0.237226
21 20 19 5 4 18 17 16 14 13 1.68806 0.85309
15 14 16 22 1.90403 0.138313
24 23 25 18 4 3 26 0.334442 0.750834
26 3 2 10 0.286782 1.16007
27 7 8 28 29 30 31 0.20062 2.29013
9 6 7 27 32 0.0851687 2.14787
1 5 19 33 34 35 36 37 38 28 8 1.0166 2.26879
19 20 39 40 41 33 2.14479 2.05237
44 43 42 39 20 21 2.83514 1.69153
46 45 47 48 49 50 51 4.94985 0.420279
56 45 46 55 54 52 53 3.95817 0.331322
57 47 45 56 4.62598 0.221478
58 36 35 59 60 61 62 63 0.40875 2.93187
65 37 36 58 64 0.256683 2.75203
66 34 33 41 67 68 1.48641 3.07752
69 59 35 34 66 70 71 0.374453 3.2335
71 70 72 73 0.271813 3.88396
66 68 76 75 74 72 70 1.01009 4.03034
73 72 74 79 77 78 0.332518 4.95658
40 81 80 67 41 2.47243 2.95919
82 76 68 67 80 2.17462 3.73506
75 76 82 83 84 85 2.09446 4.49154
89 88 87 86 83 82 80 81 3.4338 4.00003
79 74 75 85 90 1.16153 5.53045
42 93 92 91 89 81 40 39 3.72716 2.95457
95 94 23 24 0.0828501 0.334676
97 96 94 95 98 0.0704974 0.071476
99 25 23 94 96 0.434312 0.407269
101 100 44 21 13 11 2.73234 0.725313
52 54 100 101 3.31499 0.550927
55 102 43 44 100 54 3.47623 1.03376
51 104 103 92 93 102 55 46 4.30811 1.541
42 43 102 93 3.69721 1.78891
106 105 107 108 109 110 111 5.43096 2.36181
91 92 103 105 106 4.79987 2.22334
104 112 107 105 103 5.00536 1.4654
50 114 113 112 104 51 5.25292 0.844512
53 52 101 11 12 3.13056 0.146515
106 111 116 115 88 89 91 4.72434 3.30787
88 115 117 87 4.26932 4.2929
121 120 119 118 117 115 116 5.26744 4.59486
110 121 116 111 5.25113 3.66194
123 122 124 125 126 127 9.48171 0.450011
129 122 123 128 9.3811 0.0875994
130 124 122 129 131 9.87204 0.250525
86 87 117 118 132 133 134 135 4.17507 5.19526
79 90 136 137 138 139 140 77 0.96124 6.30963
84 142 141 136 90 85 2.04524 5.65286
145 144 143 137 136 141 2.80381 7.0225
135 134 145 141 142 3.18668 5.93475
135 142 84 83 86 3.03443 4.95871
146 143 144 147 148 3.21243 7.93901
150 149 138 137 143 146 2.38949 7.84717
152 151 153 140 139 154 0.854932 7.48107
157 151 152 155 156 0.289548 8.68536
158 153 151 157 0.19171 7.48055
78 77 140 153 158 0.214075 6.31693
152 154 159 160 161 155 1.02215 9.11797
138 149 159 154 139 1.64109 7.91236
163 162 160 159 149 150 2.33277 9.22088
166 162 163 164 165 2.47377 9.8565
167 161 160 162 166 1.35181 9.77116
169 168 170 171 172 173 4.79417 9.11918
177 168 169 176 174 175 4.98984 9.76234
165 164 170 168 177 3.84709 9.70303
163 150 146 148 178 171 170 164 3.32856 9.03821
180 179 147 144 145 134 133 4.04885 6.63545
182 181 180 133 132 5.04736 6.40465
119 183 182 132 118 5.23256 5.53294
181 182 183 184 185 186 187 6.05655 6.41465
190 189 188 179 180 181 187 4.74078 7.33583
179 188 191 178 148 147 3.7426 7.9676
192 191 188 189 4.22154 8.10474
193 172 171 178 191 192 4.48264 8.52106
193 192 189 190 4.94328 7.77979
193 190 187 186 194 195 173 172 5.62748 8.08594
199 198 197 196 184 183 119 120 6.50027 5.0405
195 176 169 173 5.64409 8.94711
113 201 200 108 107 112 5.84487 1.335
204 203 202 201 113 114 6.12112 0.509646
108 200 205 206 207 109 6.24001 2.20462
202 213 212 211 210 209 208 205 200 201 6.96177 1.16506
215 214 213 202 203 6.49169 0.265868
217 204 114 50 49 216 5.68518 0.22574
205 208 218 219 220 221 206 7.54307 2.71558
224 223 222 218 208 209 8.18161 2.31415
207 225 199 120 121 110 109 5.93132 3.72221
206 221 226 225 207 6.80846 3.05118
227 226 221 220 7.40465 3.65353
228 227 220 219 229 230 231 232 8.01333 3.83096
198 199 225 226 227 228 7.02537 4.06223
234 212 213 214 233 6.96577 0.2269
126 235 236 237 127 8.64806 0.624857
125 239 238 235 126 9.34771 1.02905
240 210 211 236 235 238 8.51878 1.19501
243 242 241 240 238 239 9.56484 1.77422
209 210 240 241 224 8.74513 1.91048
244 243 239 125 124 130 9.82224 1.10529
245 237 236 211 212 234 7.67943 0.445353
128 123 127 237 245 8.52989 0.200535
247 246 248 249 250 251 252 9.25178 4.66437
256 246 247 255 253 254 9.71581 3.72583
258 257 248 246 256 9.793 4.87218
222 229 219 218 8.20857 3.22021
253 255 230 229 222 223 8.84565 3.15719
254 253 223 224 241 242 259 9.66133 2.672
252 231 230 255 247 8.93567 3.79233
251 262 261 260 232 231 252 8.47819 4.83117
260 197 198 228 232 7.58474 4.94826
263 215 203 204 217 6.13691 0.082494
186 185 264 265 266 267 194 6.7494 7.68754
196 268 264 185 184 6.93395 6.54763
260 261 270 269 268 196 197 7.65514 6.09439
269 273 272 271 265 264 268 8.26486 7.43187
266 265 271 274 275 276 277 7.86219 8.50816
267 279 278 174 176 195 194 6.21186 9.21933
266 277 280 279 267 6.98376 8.87421
283 282 281 280 277 276 7.93561 9.3716
286 285 282 283 284 9.37689 9.6883
288 287 281 282 285 8.07969 9.82065
287 289 278 279 280 281 6.92784 9.57562
294 293 292 291 290 275 274 9.35893 8.57993
284 283 276 275 290 295 9.37639 9.03837
175 174 278 289 296 6.10768 9.83958
250 298 297 262 251 9.05973 5.47519
300 299 270 261 262 297 8.76128 5.84101
303 302 301 300 297 298 9.40845 5.99532
304 273 269 270 299 8.47125 6.36209
249 303 298 250 9.38018 5.52685
248 257 305 302 303 249 9.65106 5.63701
306 304 299 300 301 9.16935 6.39285
309 308 306 301 302 305 307 9.79454 6.42004
272 273 304 306 308 310 9.17909 6.94828
272 310 312 311 294 274 271 9.2544 7.96519
313 312 310 308 309 9.79352 7.2678
156 155 161 167 314 0.262103 9.72975
315 38 37 65 0.221324 2.54178
317 17 18 25 99 316 0.758954 0.326588
259 242 243 244 9.89739 1.95349
22 16 17 317 1.18616 0.282694
216 49 48 318 5.37654 0.150986
316 99 96 97 0.330976 0.0550559
319 311 312 313 9.85394 8.11986
320 29 28 38 315 0.193832 2.37712
296 289 287 288 6.80455 9.89256
233 214 215 263 6.60221 0.105139
307 305 257 258 9.90823 5.58581
318 48 47 57 5.16435 0.0377284
295 290 291 321 9.90285 8.63637
322 293 294 311 319 9.76106 8.36423
64 58 63 323 0.0602906 2.86936
32 27 31 324 0.0700599 2.24314
321 291 292 325 9.99037 8.56069
326 60 59 69 0.203303 3.01249
325 292 293 322 9.97529 8.4964
323 63 62 327 0.00634243 2.90609
324 31 30 328 0.00139398 2.28311
329 61 60 326 0.0122986 2.94009
328 30 29 320 0.0384328 2.31438
327 62 61 329 0.00219327 2.92017
