0
261
79 89
78 89
89 99
99 88
88 98
87 77
97 87
88 97
87 88
78 88
79 78
69 79
59 69
68 69
68 78
58 59
67 68
67 77
86 87
96 86
87 96
76 77
77 86
95 94
86 95
75 85
76 65
76 66
57 58
57 67
56 57
56 67
56 66
55 45
65 55
56 65
55 56
57 46
47 57
58 47
72 81
71 80
71 60
61 72
24 23
8 17
51 61
50 40
51 50
78 77
50 61
15 24
76 85
63 62
53 42
59 48
58 68
34 35
34 44
70 71
73 62
52 62
43 44
48 58
41 31
46 56
82 91
99 98
70 60
44 54
24 25
69 78
34 43
42 41
42 32
96 95
33 42
83 84
58 67
19 28
32 22
33 22
64 63
33 24
21 11
26 36
30 20
68 77
11 10
45 35
30 31
3 12
2 12
22 31
25 15
48 47
21 10
25 34
81 90
53 54
67 76
11 2
81 82
73 72
41 40
13 23
66 65
55 64
36 37
54 43
56 45
32 41
17 27
51 62
63 73
1 11
41 51
10 0
0 1
75 84
7 17
88 89
34 24
61 60
1 10
51 52
40 30
90 80
6 15
14 24
31 32
36 45
12 22
62 61
38 47
32 33
97 96
6 16
12 13
25 26
46 36
52 41
71 61
23 33
3 4
16 15
25 35
67 66
47 46
6 7
13 22
21 22
23 22
29 39
14 23
4 14
54 55
42 52
4 5
35 44
5 14
75 65
76 86
1 2
91 81
71 81
91 90
83 92
21 31
6 17
53 63
53 64
72 71
63 74
88 77
94 93
54 64
20 10
80 70
4 13
74 73
39 48
64 74
46 45
52 63
18 19
73 83
13 14
83 72
92 82
8 18
82 72
83 93
17 26
18 27
75 76
93 92
95 85
19 29
15 5
33 34
92 91
20 21
52 53
35 36
43 53
84 93
84 74
60 50
74 75
84 94
98 97
84 85
26 35
14 15
2 3
85 94
45 54
83 74
64 65
43 42
3 13
65 74
44 45
5 6
51 40
17 16
28 38
7 8
12 11
62 72
26 16
16 25
27 36
26 27
33 43
37 46
17 18
8 9
85 86
82 83
9 18
21 30
18 28
28 27
9 19
29 28
38 27
31 40
37 38
59 68
12 21
47 37
37 27
80 81
38 48
38 39
48 49
39 49
49 59
38 29
162
0 1 10 0.37037 0.37037
10 1 11 0.740741 0.740741
11 2 12 1.85185 0.740741
2 11 1 1.48148 0.37037
12 2 3 2.59259 0.37037
11 12 21 1.48148 1.48148
10 11 21 0.740741 1.48148
30 20 21 0.37037 2.59259
40 30 31 0.37037 3.7037
21 31 30 0.740741 2.96296
22 31 21 1.48148 2.59259
32 41 31 1.48148 3.7037
31 41 40 0.740741 4.07407
20 10 21 0.37037 1.85185
40 41 51 0.740741 4.81481
22 21 12 1.85185 1.85185
12 13 22 2.59259 1.48148
13 12 3 2.96296 0.740741
13 3 4 3.7037 0.37037
22 13 23 2.96296 1.85185
13 14 23 3.7037 1.48148
14 13 4 4.07407 0.740741
14 4 5 4.81481 0.37037
23 14 24 4.07407 1.85185
22 23 33 2.96296 2.59259
32 33 42 2.59259 3.7037
32 22 33 2.59259 2.96296
42 33 43 2.96296 4.07407
32 42 41 1.85185 4.07407
34 43 33 3.7037 3.7037
34 24 25 4.81481 2.59259
43 44 54 4.07407 4.81481
44 43 34 4.07407 4.07407
34 35 44 4.81481 3.7037
34 33 24 4.07407 2.96296
23 24 33 3.7037 2.59259
42 43 53 2.96296 4.81481
14 15 24 4.81481 1.48148
22 32 31 1.85185 2.96296
41 42 52 1.85185 4.81481
60 50 61 0.37037 6.2963
51 50 40 0.37037 5.18519
61 50 51 0.740741 5.92593
51 62 61 1.48148 6.2963
62 51 52 1.85185 5.92593
62 52 63 2.59259 6.2963
71 61 72 1.48148 7.40741
51 41 52 1.48148 5.18519
60 61 71 0.740741 7.03704
80 70 71 0.37037 8.14815
90 80 81 0.37037 9.25926
71 81 80 0.740741 8.51852
72 81 71 1.48148 8.14815
82 91 81 1.48148 9.25926
81 91 90 0.740741 9.62963
70 60 71 0.37037 7.40741
62 72 61 1.85185 7.03704
63 73 62 2.96296 7.03704
63 52 53 2.96296 5.92593
63 53 64 3.7037 6.2963
62 73 72 2.59259 7.40741
73 63 74 3.7037 7.40741
64 53 54 4.07407 5.92593
64 54 55 4.81481 5.92593
74 63 64 4.07407 7.03704
53 43 54 3.7037 5.18519
72 73 83 2.96296 8.14815
82 83 92 2.59259 9.25926
82 72 83 2.59259 8.51852
92 83 93 2.96296 9.62963
82 92 91 1.85185 9.62963
84 93 83 3.7037 9.25926
84 74 75 4.81481 8.14815
94 93 84 4.07407 9.62963
84 85 94 4.81481 9.25926
84 83 74 4.07407 8.51852
73 74 83 3.7037 8.14815
64 65 74 4.81481 7.03704
72 82 81 1.85185 8.51852
52 42 53 2.59259 5.18519
44 45 54 4.81481 4.81481
5 6 15 5.92593 0.37037
15 6 16 6.2963 0.740741
5 15 14 5.18519 0.740741
6 17 16 7.03704 0.740741
17 6 7 7.40741 0.37037
17 7 8 8.14815 0.37037
16 17 26 7.03704 1.48148
15 16 25 5.92593 1.48148
25 35 34 5.18519 2.96296
35 25 26 5.92593 2.59259
45 35 36 5.92593 3.7037
35 45 44 5.18519 4.07407
26 36 35 6.2963 2.96296
27 36 26 7.03704 2.59259
37 46 36 7.03704 3.7037
36 46 45 6.2963 4.07407
25 16 26 6.2963 1.85185
45 46 56 6.2963 4.81481
27 26 17 7.40741 1.85185
15 25 24 5.18519 1.85185
17 18 27 8.14815 1.48148
18 17 8 8.51852 0.740741
18 8 9 9.25926 0.37037
27 18 28 8.51852 1.85185
18 19 28 9.25926 1.48148
19 18 9 9.62963 0.740741
28 19 29 9.62963 1.85185
27 28 38 8.51852 2.59259
37 38 47 8.14815 3.7037
37 27 38 8.14815 2.96296
47 38 48 8.51852 4.07407
37 47 46 7.40741 4.07407
39 48 38 9.25926 3.7037
48 49 59 9.62963 4.81481
49 48 39 9.62963 4.07407
39 38 29 9.62963 2.96296
28 29 38 9.25926 2.59259
47 48 58 8.51852 4.81481
27 37 36 7.40741 2.96296
46 47 57 7.40741 4.81481
55 56 65 5.92593 5.92593
56 55 45 5.92593 5.18519
65 56 66 6.2963 6.2963
55 65 64 5.18519 6.2963
56 67 66 7.03704 6.2963
67 56 57 7.40741 5.92593
67 57 58 8.14815 5.92593
66 67 76 7.03704 7.03704
56 46 57 7.03704 5.18519
65 66 76 6.2963 7.03704
75 85 84 5.18519 8.51852
85 75 76 5.92593 8.14815
95 85 86 5.92593 9.25926
85 95 94 5.18519 9.62963
76 86 85 6.2963 8.51852
77 86 76 7.03704 8.14815
87 96 86 7.03704 9.25926
86 96 95 6.2963 9.62963
75 65 76 5.92593 7.40741
77 76 67 7.40741 7.40741
65 75 74 5.18519 7.40741
67 68 77 8.14815 7.03704
68 67 58 8.51852 6.2963
68 58 59 9.25926 5.92593
77 68 78 8.51852 7.40741
68 69 78 9.25926 7.03704
69 68 59 9.62963 6.2963
78 69 79 9.62963 7.40741
58 48 59 9.25926 5.18519
77 78 88 8.51852 8.14815
87 88 97 8.14815 9.25926
87 77 88 8.14815 8.51852
97 88 98 8.51852 9.62963
87 97 96 7.40741 9.62963
99 88 89 9.62963 9.25926
98 88 99 9.25926 9.62963
88 78 89 9.25926 8.51852
79 89 78 9.62963 8.14815
77 87 86 7.40741 8.51852
57 47 58 8.14815 5.18519
45 55 54 5.18519 5.18519
