0
436
167 170
167 52
159 167
151 166
168 164
3 168
52 169
166 162
36 166
165 161
164 160
147 156
155 31
3 160
163 153
146 114
27 146
114 27
50 37
22 102
40 87
157 128
102 50
22 2
77 7
98 99
93 2
60 35
62 60
67 54
31 145
84 79
108 142
111 84
131 111
66 54
36 158
126 139
107 4
139 66
66 117
41 91
117 67
139 36
73 68
129 82
62 2
79 131
9 1
138 49
86 17
89 67
91 32
115 16
83 60
2 67
112 44
80 10
132 112
102 103
6 124
37 120
67 66
18 89
143 98
89 44
48 49
109 124
18 44
44 94
50 103
55 77
77 35
86 100
110 22
127 13
113 81
22 20
95 32
104 37
13 1
93 35
162 158
10 70
133 155
150 127
48 1
92 24
19 25
99 143
25 15
54 63
27 47
48 25
13 150
49 25
125 102
111 126
73 9
64 72
15 59
30 71
69 89
23 15
9 118
101 22
158 105
40 35
81 92
153 141
10 96
63 50
75 74
134 146
51 26
113 38
77 40
10 41
137 149
60 69
169 163
93 22
118 73
74 19
126 84
37 103
65 73
1 26
106 123
120 116
79 111
15 19
64 41
67 34
75 40
94 148
112 94
79 37
148 49
149 157
123 121
22 125
161 145
35 7
149 30
68 65
96 57
156 135
66 126
18 94
33 96
99 100
117 89
140 51
62 93
140 152
73 136
55 39
51 73
68 123
121 136
35 62
121 68
46 80
9 85
7 101
68 51
40 5
88 10
106 68
33 88
23 9
11 45
33 46
36 105
108 115
49 13
96 27
31 161
51 152
80 29
152 106
33 4
25 83
91 47
135 120
65 136
66 63
154 99
31 81
81 30
55 21
14 24
24 23
148 138
82 142
63 84
82 61
31 92
155 165
163 90
82 16
92 85
69 62
34 117
92 71
73 26
133 9
160 154
20 2
24 85
118 133
20 102
54 20
71 24
130 168
14 23
58 17
86 53
13 48
45 59
117 36
97 108
43 86
149 38
149 42
59 24
15 75
77 21
74 35
2 54
26 140
35 19
33 90
41 32
85 14
87 59
31 165
38 137
88 46
84 66
50 79
59 5
16 108
53 99
25 18
21 58
19 60
17 101
154 143
83 69
81 145
89 83
132 89
55 58
145 113
44 132
27 57
103 104
8 11
11 71
76 61
71 81
127 140
45 71
25 94
122 119
159 52
53 56
59 23
30 8
64 43
29 8
130 3
8 80
81 38
29 11
59 28
50 20
28 5
58 86
45 28
36 162
45 29
110 125
52 170
29 28
28 39
96 88
39 5
41 0
78 41
78 29
60 25
78 39
21 7
15 48
0 55
134 27
95 56
28 78
70 78
133 85
46 8
105 117
46 42
90 46
42 159
159 90
114 91
86 6
89 2
1 73
52 163
136 118
90 52
72 41
120 79
59 40
141 4
4 90
119 33
40 74
90 141
71 8
122 33
141 107
70 80
78 10
43 58
27 10
152 68
57 134
119 96
138 13
142 97
55 78
128 42
121 65
42 157
15 87
47 10
17 21
69 2
30 38
30 42
7 17
58 64
77 39
55 64
53 43
32 72
43 72
49 94
72 53
0 64
5 77
101 86
95 61
18 83
30 46
6 101
100 109
7 22
109 86
100 53
0 78
129 142
99 3
7 93
124 101
3 154
127 26
87 75
56 99
109 6
42 90
32 56
56 72
91 12
12 32
114 47
84 50
12 95
119 57
76 12
91 76
61 12
99 16
170 169
16 3
144 134
99 95
95 16
90 153
1 23
95 82
76 82
24 45
16 142
76 129
29 70
4 122
113 137
129 91
114 129
48 23
116 79
115 3
80 88
89 34
37 135
3 164
117 132
9 14
107 122
139 117
54 50
128 159
115 130
101 110
116 131
133 31
57 144
41 47
37 156
119 144
127 1
104 147
147 37
85 31
112 148
138 150
139 151
19 75
151 36
266
51 26 140 0.199623 1.13838
152 68 51 0.302509 0.700606
26 51 73 0.743466 0.961435
13 150 127 0.109747 2.84907
68 65 73 1.2307 0.531386
68 123 121 0.809489 0.178849
9 1 73 2.18107 1.28702
68 73 51 0.846351 0.731991
73 136 118 2.00218 0.239718
26 73 1 1.22575 1.3073
49 94 148 0.556142 4.4789
138 49 148 0.486553 4.08023
49 13 48 1.21049 3.46176
94 49 25 1.1464 4.51032
48 25 49 1.69101 3.97743
15 48 23 2.41888 2.99767
25 15 19 2.52067 4.15066
15 25 48 2.09268 3.76513
23 48 1 2.13096 2.49737
48 13 1 1.32425 2.74914
127 1 13 0.710055 2.46669
18 94 25 0.951983 5.03616
136 73 65 1.67121 0.352537
68 152 106 0.184489 0.387183
23 9 14 3.08211 1.56397
9 23 1 2.55368 1.7696
14 9 85 3.39917 1.16148
23 14 24 3.4736 1.69174
85 31 92 4.0485 0.739834
9 118 133 3.12025 0.388019
92 24 85 4.08941 1.23176
45 59 24 4.4639 2.44428
24 92 71 4.50391 1.56533
85 24 14 3.79065 1.28925
118 9 73 2.4141 0.627738
23 24 59 3.70914 2.2975
19 75 74 3.3119 4.38061
19 15 75 3.06093 4.04096
74 75 40 3.59088 4.38322
35 19 74 3.32797 4.89983
87 59 40 3.91699 3.86401
75 15 87 3.25032 3.84028
74 40 35 3.60694 4.90245
5 77 40 4.54268 4.8962
5 40 59 4.30952 4.15578
87 40 75 3.68324 4.18462
59 87 15 3.48407 3.51967
25 19 60 2.48055 4.80837
92 31 81 4.43093 0.587843
23 59 15 3.16896 2.94132
81 145 113 4.74094 0.167813
35 40 77 4.06519 5.20306
117 89 34 0.88803 7.30913
44 94 18 0.61664 5.44916
89 44 18 0.993802 6.18932
132 112 44 0.254916 5.65274
89 83 69 1.82258 6.35786
83 89 18 1.34297 6.23341
69 83 60 2.22394 5.78634
34 89 67 1.41235 7.36488
25 83 18 1.48647 5.33433
2 67 89 2.02557 7.38256
105 117 36 0.0605385 9.16262
117 67 66 1.06094 7.71771
139 66 126 0.911617 9.32863
105 36 158 0.0917885 9.99596
66 63 84 1.97488 8.31131
54 63 66 2.09441 8.16494
111 84 79 1.89968 9.46348
50 79 84 2.46012 9.09242
84 63 50 2.4987 8.61162
126 84 111 1.42935 9.5322
54 66 67 1.85983 7.93688
120 79 37 2.53795 9.92029
2 89 69 2.27299 6.849
117 132 89 0.446751 6.97216
62 2 69 2.7844 6.55319
62 60 35 2.95286 5.8096
2 62 93 3.08604 6.84619
67 2 54 2.3777 7.7129
35 7 93 3.66467 6.37023
7 35 77 4.18872 5.85489
93 22 2 3.56687 7.426
22 93 7 3.95706 7.14378
22 7 101 4.55034 7.49525
35 93 62 3.17814 6.30749
60 19 35 3.03688 5.2179
2 22 20 3.73771 7.80417
37 103 104 3.03194 9.65568
37 79 50 2.7234 9.54923
111 79 131 1.84533 9.93128
50 63 54 2.61824 8.46525
20 102 50 3.63801 8.41162
102 20 22 4.01655 8.12217
50 103 37 3.09238 9.28461
103 50 102 3.48309 8.71825
22 101 110 4.60565 8.05082
20 50 54 3.10357 8.3748
54 2 20 3.09762 7.85051
108 115 16 8.19869 9.63979
102 22 125 4.18898 8.16246
62 69 60 2.57801 5.93252
60 83 25 2.04245 5.25389
146 114 27 9.81118 4.55782
7 77 21 4.80024 6.0973
137 149 38 6.45287 0.260086
71 8 11 5.63229 2.18368
30 71 81 5.36224 1.14183
71 11 45 5.21926 2.35018
45 24 71 4.74763 2.03823
30 8 71 5.83054 1.67659
38 149 30 6.46783 0.580722
29 8 80 6.50681 2.64406
30 81 38 5.7921 0.748535
113 38 81 5.36048 0.427899
11 8 29 6.08043 2.59742
59 28 5 4.68869 4.24038
59 45 28 4.73582 3.51703
28 45 29 5.46769 3.52473
5 28 39 5.02914 4.90234
41 0 78 6.77372 5.32392
78 39 28 5.39645 4.8596
55 78 0 6.08797 5.35663
78 55 39 5.65922 5.2098
70 78 29 6.23905 3.80587
78 28 29 5.78787 4.20534
45 11 29 5.6674 2.76392
55 77 39 5.26526 5.45998
46 8 30 6.79762 1.45004
71 92 81 4.69145 1.21737
46 42 90 7.75656 0.693513
31 145 81 4.46176 0.191673
42 159 90 7.74564 0.266678
46 80 8 7.02576 2.00377
52 163 90 7.97545 0.192633
141 4 90 8.6909 0.548587
122 33 4 9.3633 1.27738
4 33 90 8.70774 1.0498
33 122 119 9.60017 1.75121
90 33 46 8.22636 1.11713
141 107 4 9.34647 0.359503
46 33 88 8.37194 1.61392
70 80 10 7.27454 3.38217
70 29 80 6.57407 3.13055
10 80 88 7.94639 2.87898
41 78 10 7.43687 4.77445
96 27 10 9.02331 3.67016
88 33 96 8.83902 2.10568
57 134 27 9.68229 3.65588
57 27 96 9.43113 3.32448
96 33 119 9.34901 2.25314
96 10 88 8.70214 2.92321
80 46 88 7.76486 1.98707
10 78 70 6.93952 4.05749
97 108 142 9.5 9.58333
30 42 46 7.17709 0.825065
128 42 157 7.35954 0.0775935
47 10 27 8.70154 4.67511
17 21 58 5.53109 6.43671
21 77 55 5.31866 5.88028
58 21 55 5.71543 6.17148
17 101 7 4.89011 7.0264
58 64 43 6.21172 6.16187
64 58 55 6.08315 5.98192
53 43 72 6.74795 7.0884
17 58 86 5.64993 6.78246
0 64 55 6.2224 5.75907
86 58 43 5.96284 6.69718
101 86 6 5.29401 7.80955
86 101 17 5.32238 7.35807
86 100 109 5.71029 7.95473
101 6 124 5.16705 8.01112
100 53 99 6.45301 8.42948
53 100 86 6.08595 7.91691
44 112 94 0.324505 5.21808
99 3 154 7.12725 9.66332
56 99 53 6.84868 8.41796
86 109 6 5.46067 7.85421
86 43 53 6.17762 7.27962
126 66 84 1.46597 8.86083
72 43 64 6.6648 6.36703
7 21 17 4.98156 6.50142
72 41 32 7.59657 6.52145
41 72 64 7.22198 6.15437
32 41 91 8.01528 6.31077
72 32 56 7.34339 7.35988
91 12 32 8.08049 6.7756
47 27 114 9.23826 5.02303
32 12 95 7.88021 7.46587
76 12 91 8.67574 6.93907
114 91 47 8.95974 5.67573
91 41 47 8.27526 5.9151
41 10 47 8.20588 5.14832
61 12 76 8.79818 7.42658
99 16 3 7.48219 9.30311
56 32 95 7.56182 7.83947
99 95 16 7.69175 8.74892
99 56 95 7.3054 8.52026
82 16 95 8.49935 8.4368
82 61 76 9.13574 7.7436
108 16 142 8.94869 9.22312
16 82 142 9.16697 8.57767
76 129 82 9.48064 7.67057
82 95 61 8.70577 8.03671
12 61 95 8.36821 7.71969
143 98 99 6.97318 9.66667
129 91 114 9.53266 6.25219
72 56 53 7.05195 7.71417
0 41 64 6.90816 5.72637
120 116 79 2.34533 9.93128
117 34 67 0.965603 7.47605
77 5 39 4.92625 5.11366
9 133 85 3.52043 0.707824
16 115 3 7.8215 9.63644
119 57 96 9.61994 2.72499
37 135 120 2.75513 9.98901
68 121 65 1.10352 0.291668
4 107 122 9.76313 0.776169
68 106 123 0.392822 0.178849
6 109 124 5.33372 8.05577
22 110 125 4.35565 8.1178
117 66 139 0.661617 8.49529
127 26 1 0.681911 1.90091
128 159 42 7.56787 0.0775935
91 129 76 9.29502 7.06821
3 115 130 7.49781 9.99665
79 116 131 2.09533 9.93128
89 132 44 0.701667 6.37491
85 133 31 3.871 0.343664
57 144 134 9.8711 3.26473
37 156 135 2.83325 9.98901
65 121 136 1.54403 0.112819
38 113 137 5.82787 0.260086
138 13 49 0.5963 3.59597
117 139 36 0.185538 9.16262
26 127 140 0.0816035 1.65829
153 141 90 8.30277 0.189084
82 129 142 9.71829 8.10455
154 143 99 7.06693 9.66667
57 119 144 9.8711 2.84806
31 161 145 4.25207 0.0238597
27 134 146 9.81118 4.14116
37 104 147 2.91138 9.98901
94 112 148 0.0695895 4.77367
149 42 30 6.85366 0.398229
13 138 150 0.109747 3.26574
36 139 151 0.248038 9.99596
51 140 152 0.118019 0.938423
163 153 90 8.04235 0.189084
3 160 154 7.32594 9.99665
31 133 155 3.99165 0.0238597
37 147 156 2.8645 9.98901
42 149 157 7.15121 0.0775935
36 162 158 0.138663 9.99596
159 52 90 7.92337 0.192633
3 164 160 7.34938 9.99665
31 165 161 4.17395 0.0238597
36 166 162 0.162101 9.99596
52 169 163 7.94091 0.00354887
3 168 164 7.3611 9.99665
31 155 165 4.12186 0.0238597
36 151 166 0.177726 9.99596
52 159 167 7.87581 0.00354887
3 130 168 7.36891 9.99665
52 170 169 7.92138 0.00354887
52 167 170 7.90836 0.00354887
