0
424
182 181
129 179
181 178
180 177
167 176
41 179
173 17
142 172
108 40
12 152
146 90
15 31
71 28
86 49
133 91
31 71
108 69
144 20
75 150
108 120
150 5
46 159
90 72
4 54
142 19
160 173
93 142
48 18
172 158
70 114
51 75
82 94
135 10
90 3
3 41
8 54
71 15
143 116
90 41
102 148
74 36
169 100
133 129
88 72
13 66
166 135
106 25
109 40
30 175
21 109
10 97
23 121
164 153
117 150
21 88
69 15
129 41
88 11
66 11
66 76
161 146
76 11
126 159
0 118
93 65
79 124
50 24
73 9
118 44
48 61
127 160
32 127
10 71
19 93
160 32
41 174
147 126
124 141
140 70
119 175
113 138
152 28
137 95
24 93
23 110
111 121
38 27
79 36
120 78
122 27
128 145
153 96
3 88
144 22
3 10
43 92
48 132
153 6
92 6
10 91
157 112
6 84
106 105
104 115
109 108
150 51
13 23
93 45
130 86
114 140
28 31
86 147
174 90
34 68
147 49
154 103
173 182
89 105
30 76
8 39
64 100
156 95
50 143
130 64
82 163
92 49
100 130
15 56
123 36
20 59
135 28
97 168
159 85
21 13
105 8
176 82
61 148
49 80
94 155
19 172
51 89
103 91
152 166
163 155
63 33
6 96
1 0
178 144
59 22
0 56
61 102
177 170
91 41
110 13
99 75
119 30
92 13
49 94
116 24
112 92
1 4
40 69
91 3
96 176
24 80
162 147
95 180
27 43
123 113
171 157
22 77
80 43
76 119
154 91
66 84
49 64
20 178
64 86
84 30
13 84
101 131
28 166
25 8
90 161
94 6
6 82
10 28
81 42
105 104
27 171
126 85
151 61
69 78
17 181
79 114
69 10
67 73
92 23
20 52
125 101
43 112
140 123
88 90
22 20
21 40
155 82
50 85
9 67
111 23
151 51
80 50
112 111
85 49
78 108
155 49
65 113
125 16
156 180
92 94
38 65
52 67
160 20
80 85
137 156
65 43
99 89
11 21
131 127
174 161
38 138
6 13
30 164
43 24
5 77
40 3
82 96
131 16
41 133
93 36
165 102
64 169
63 125
113 38
16 127
72 76
159 143
65 27
122 38
9 59
49 126
4 0
56 44
152 15
61 165
44 15
54 25
78 56
71 69
95 107
33 19
56 69
84 153
118 152
12 118
44 12
44 0
107 78
58 67
168 154
113 93
32 81
3 69
170 107
36 113
45 36
36 70
66 21
70 123
33 45
89 18
95 177
93 33
19 63
45 74
77 34
179 174
148 48
42 74
39 89
45 42
85 46
74 73
46 50
9 74
116 93
97 154
138 122
110 109
74 79
8 106
144 117
16 101
121 110
24 65
52 58
117 77
74 81
77 144
70 79
15 12
56 25
9 124
149 128
146 119
79 9
52 81
9 115
103 133
115 124
137 78
59 115
153 167
18 151
61 18
141 114
175 164
149 48
42 16
16 81
139 171
42 63
150 134
46 143
92 111
158 63
135 168
120 137
52 32
31 152
27 112
19 158
88 40
58 81
59 67
72 146
11 72
0 145
67 20
73 58
17 178
34 22
107 106
22 68
66 30
68 99
68 59
59 104
110 21
39 4
95 170
18 51
5 117
75 89
4 128
136 163
145 4
135 97
128 83
97 91
89 98
158 125
151 165
132 149
141 79
83 149
116 142
116 50
176 136
136 82
86 162
164 84
25 107
25 0
63 16
56 107
25 1
54 39
1 54
155 64
4 83
27 157
105 39
78 95
104 68
20 17
99 104
68 5
80 92
5 99
105 99
34 5
17 182
134 51
32 20
145 118
5 75
89 83
33 42
83 39
98 48
32 16
149 98
98 83
18 98
134 151
148 132
81 73
122 139
139 27
160 17
130 162
119 72
167 96
155 169
255
82 163 155 0.176738 1.7527
100 130 64 0.475681 0.198995
49 94 155 0.635717 1.47706
82 96 176 0.227449 2.66693
92 49 80 2.51104 1.84726
86 49 64 0.85442 0.667342
82 94 6 0.784198 2.41518
92 94 49 1.62713 1.98436
147 49 86 1.42041 0.468347
94 82 155 0.480125 1.77994
143 116 50 4.13902 0.467011
6 94 92 1.59888 2.6281
84 30 164 0.458701 4.46895
6 96 82 0.531522 2.78134
153 6 84 0.693175 3.7348
153 84 164 0.389102 4.14122
6 13 84 1.32302 3.97862
6 92 13 1.92534 3.46969
84 13 66 1.34249 4.63342
110 13 23 2.5729 4.55141
110 23 121 2.98771 4.55759
84 66 30 0.782245 4.71732
92 23 13 2.56431 3.80871
21 13 110 2.41877 4.95984
23 92 111 3.02378 3.64821
76 119 30 0.348392 4.99288
92 80 43 3.31925 2.266
49 126 85 2.18812 0.521867
50 85 46 3.2989 0.679435
92 43 112 3.46528 2.84017
80 50 24 3.70217 1.52012
50 80 85 3.43211 1.09586
65 43 24 3.80578 2.1084
38 65 113 4.56477 2.73486
50 116 24 4.18154 1.00497
24 43 80 3.62035 1.88
143 50 46 3.52645 0.565726
43 65 27 3.91702 2.6264
146 119 72 0.21165 5.74475
112 43 27 3.87763 2.97218
16 101 131 9.69679 0.897544
112 111 92 3.41407 3.34661
138 122 38 4.60871 3.05832
23 111 121 3.07702 4.22426
135 28 166 2.95491 9.83723
157 112 27 4.11209 3.22343
96 6 153 0.354785 3.32031
38 113 138 4.77537 3.01366
147 126 49 1.79066 0.408159
160 32 127 9.73209 2.7451
65 38 27 4.30186 2.79083
148 48 61 9.20376 9.7888
65 24 93 4.41716 1.75919
49 85 80 2.54208 1.03701
159 85 126 2.89745 0.113708
79 124 141 6.28683 3.47765
11 72 76 0.844154 5.60117
90 161 146 0.316677 6.65317
66 76 30 0.671937 5.03292
11 76 66 0.956049 5.31313
11 21 88 1.6669 5.85006
21 11 66 1.46617 5.36399
88 40 3 1.96726 6.88782
40 88 21 2.16013 6.10473
21 109 40 2.72517 5.91196
11 88 72 1.08963 6.04547
13 21 66 1.74231 4.99988
72 88 90 1.0526 6.4657
129 41 133 0.0249235 7.90761
100 64 169 0.0590142 0.407329
90 41 174 0.341601 7.16494
3 41 90 0.937653 7.35154
91 3 10 1.68946 8.66207
3 91 41 0.981271 8.07435
10 28 135 2.64635 9.58256
10 97 91 1.75754 9.31837
10 3 69 2.29001 8.23095
97 154 91 1.4411 9.57305
90 88 3 1.437 7.05338
91 154 103 0.776962 9.66765
3 40 69 2.40384 7.2649
119 76 72 0.490444 5.40991
70 114 140 5.87535 3.1778
61 102 148 9.65686 9.88467
93 142 19 5.97275 0.544266
108 40 109 3.26958 6.35663
46 159 143 3.34576 0.0987155
48 132 149 8.50523 9.90413
120 78 108 4.3686 6.96043
150 51 75 9.38222 6.72759
178 144 20 9.6263 3.55025
91 103 133 0.360296 9.25098
31 152 28 3.4862 9.63946
108 69 40 3.14112 6.92648
71 28 10 2.88621 9.2747
31 71 15 3.56121 9.25219
12 152 15 4.00361 9.50434
31 28 71 3.30939 9.33159
71 69 15 3.36577 8.6865
71 10 69 2.76715 8.67398
15 56 44 4.59787 8.71381
69 78 56 4.14404 7.69745
118 152 12 4.33854 9.7465
12 15 44 4.37182 9.09379
0 118 44 5.04585 9.20535
69 56 15 3.94051 8.36088
69 108 78 3.82945 7.24162
12 44 118 4.70675 9.33595
78 95 107 4.83335 7.08814
21 110 109 2.87824 5.46601
64 130 86 0.938757 0.259184
15 152 31 3.73802 9.56006
146 72 90 0.528328 6.35625
97 168 154 1.7058 9.9054
113 93 36 5.43135 2.26492
93 113 65 4.7913 2.22122
36 93 45 6.01281 1.70659
123 36 70 5.80478 2.85338
33 45 93 6.26204 1.32154
33 19 63 6.86755 0.700755
74 36 45 6.57252 1.92676
42 74 45 7.09527 1.55078
74 73 9 7.3103 2.68728
93 19 33 6.15142 0.94644
93 24 116 4.7111 1.01565
79 36 74 6.4282 2.60109
144 117 77 9.74761 4.58096
113 36 123 5.51277 2.83189
114 70 79 6.06249 3.22681
9 124 79 6.6322 3.42988
9 115 124 6.7724 3.64721
79 70 36 6.07526 2.92472
133 41 91 0.385219 8.40859
120 137 78 4.6186 7.02742
9 59 115 7.31639 3.91502
141 114 79 6.16482 3.35564
74 9 79 6.82181 2.91642
18 151 61 9.42085 9.03479
42 45 33 7.04565 1.25509
78 137 95 4.75001 7.06582
42 16 81 8.32332 1.62474
16 42 63 8.03368 1.12413
74 81 73 7.66161 2.31733
81 74 42 7.60482 1.84172
16 127 32 9.42888 2.18431
32 81 16 8.85323 2.08359
52 32 20 8.78627 2.84963
52 81 32 8.58432 2.47991
131 127 16 9.69679 1.73088
63 125 16 7.99816 0.712882
158 63 19 6.89722 0.29858
58 81 52 8.18133 2.48889
73 58 67 7.93162 2.78034
58 73 81 8.01243 2.49855
59 67 20 8.3025 3.59588
59 9 67 7.74924 3.5961
52 67 58 8.10052 2.77068
9 73 67 7.67555 3.00383
178 20 17 9.61817 3.45046
67 52 20 8.39771 2.99394
77 34 22 8.91896 4.85556
22 68 59 8.35047 4.69186
144 22 20 9.22274 3.88768
22 59 20 8.5554 4.11682
160 20 32 9.3584 3.01409
115 59 104 7.24335 4.47913
61 165 102 9.8652 9.67634
33 63 42 7.26556 1.04542
101 16 125 8.86345 0.480877
22 34 68 8.59272 4.86864
95 170 107 4.94392 6.98815
5 117 150 9.68873 5.67934
4 128 145 6.80066 9.7228
135 97 10 2.23058 9.65072
38 122 27 4.42913 3.09195
149 128 83 7.66693 9.74089
142 93 116 5.50191 0.47769
70 140 123 5.70868 3.13314
105 8 106 6.46345 6.95263
176 136 82 0.176738 2.48187
86 162 147 1.60891 0.0601884
107 106 25 5.66993 7.17346
56 25 0 5.41217 8.24519
25 56 107 5.31786 7.62929
0 25 1 5.82016 8.39959
56 0 44 5.02711 8.57187
4 54 39 6.61239 8.58612
8 54 25 6.30464 8.09542
1 4 0 6.03423 8.85962
4 1 54 6.35519 8.70109
39 54 8 6.6145 8.23859
54 1 25 6.14113 8.24106
25 106 8 6.2227 7.54873
4 83 128 7.17593 9.46369
8 105 39 6.77658 7.44789
56 78 107 4.84986 7.46093
104 68 99 7.71926 5.23357
104 59 68 7.75403 4.82318
99 68 5 8.40799 5.49624
99 89 105 7.48869 6.62387
77 117 5 9.43634 5.2603
5 68 34 8.68502 5.26263
99 75 89 8.23974 6.78685
134 51 150 9.72049 7.06462
22 144 77 9.34404 4.44964
5 75 99 8.64835 5.98184
77 5 34 9.01126 5.24955
51 89 75 8.66234 7.37861
39 89 83 7.38518 8.54785
39 105 89 7.1706 7.47363
98 48 149 8.27962 9.50699
98 83 89 7.76311 8.74478
89 18 98 8.19349 8.57067
39 83 4 6.98905 8.86964
18 61 48 8.96775 9.35558
134 151 51 9.72049 7.89795
145 118 0 5.51098 9.6159
48 148 132 8.9219 9.90413
51 151 18 9.27614 8.29806
18 48 98 8.46027 9.07377
89 51 18 8.55626 8.11575
98 149 83 7.85798 9.34376
5 150 75 9.35046 6.17565
99 105 104 7.20857 5.55619
27 122 139 4.32043 3.16761
0 4 145 6.06164 9.3387
95 137 156 4.83975 6.96024
158 125 63 7.25971 0.232005
27 171 157 4.17459 3.20669
155 64 49 0.391343 1.02382
19 172 158 6.61668 0.0665757
85 159 46 3.11822 0.212424
160 17 20 9.61817 3.29421
174 161 90 0.316677 6.96567
86 130 162 1.40058 0.0601884
82 136 163 0.176738 2.16937
30 175 164 0.0695986 4.59856
61 151 165 9.8652 9.25967
28 152 166 3.37158 9.83723
96 153 167 0.0507117 3.31006
97 135 168 2.12247 9.9054
64 155 169 0.0590142 0.823995
95 177 170 4.91267 6.97978
27 139 171 4.21626 3.19552
19 142 172 6.40834 0.0665757
17 160 173 9.99187 3.33771
41 179 174 0.0249235 7.33469
30 119 175 0.0695986 4.80689
96 167 176 0.0507117 2.99756
95 180 177 4.89704 6.97559
17 181 178 9.99187 3.52
41 129 179 0.0249235 7.43886
95 156 180 4.88662 6.9728
17 182 181 9.99187 3.48094
17 173 182 9.99187 3.4549
