0
425
159 163
160 162
45 163
160 14
154 160
153 159
155 158
14 162
161 156
45 161
155 11
59 97
76 7
90 18
117 6
91 78
0 40
74 78
100 36
107 135
86 62
78 0
93 123
86 78
78 35
4 26
35 95
88 31
140 125
35 86
61 95
21 88
42 95
81 78
27 106
42 74
149 41
31 92
37 42
112 126
41 46
81 5
17 75
134 80
106 134
63 2
5 2
2 40
80 106
120 136
43 66
91 33
2 23
93 6
63 126
103 23
112 84
67 79
98 59
146 51
20 43
34 139
35 74
37 94
81 134
90 68
79 37
79 94
72 18
20 125
49 79
132 118
126 107
74 37
17 42
109 44
128 109
30 124
94 74
115 16
14 150
122 54
15 25
21 92
87 92
69 106
62 35
109 139
64 146
58 59
25 39
31 46
148 155
31 107
96 34
40 63
57 98
41 45
72 76
77 96
6 72
120 81
45 149
29 4
26 13
49 107
85 18
123 4
68 99
33 27
98 65
92 88
145 41
127 7
46 87
25 98
99 10
79 63
40 5
70 50
8 142
94 0
31 145
63 107
51 137
80 69
134 120
85 68
4 93
52 95
133 66
127 108
163 161
44 128
60 55
48 43
87 21
7 72
75 10
137 147
110 3
47 29
85 4
138 101
95 74
47 87
123 104
159 45
71 73
129 110
92 46
147 51
89 4
60 65
47 41
71 52
64 14
40 94
108 122
30 25
7 90
4 6
84 63
93 131
41 51
91 80
71 99
38 59
101 115
51 44
26 29
62 91
61 35
10 71
147 44
151 100
40 81
133 48
139 96
33 80
88 79
122 82
47 44
77 13
13 47
0 81
44 41
41 64
5 120
94 63
75 21
59 66
101 82
36 151
104 93
97 33
34 77
109 96
68 75
12 90
26 77
68 89
53 3
121 154
89 85
29 21
84 2
36 132
12 7
31 49
42 21
33 61
39 65
4 77
13 96
29 75
35 33
75 71
145 45
71 17
89 75
17 21
86 91
18 6
126 84
41 14
46 145
90 99
32 98
82 138
29 87
29 89
34 123
7 1
1 12
111 140
117 72
115 56
10 68
45 156
99 73
82 115
12 19
97 27
50 12
19 50
90 50
50 99
30 8
22 70
70 99
70 19
80 81
44 13
117 113
119 58
98 38
83 15
54 82
125 106
97 61
33 62
76 127
54 56
16 53
158 152
56 53
82 56
154 41
93 117
74 0
21 67
56 16
3 7
7 53
73 52
54 108
105 30
53 108
57 55
16 3
70 73
12 9
119 144
9 22
69 33
1 9
58 11
130 60
162 157
42 71
136 5
1 83
154 14
124 83
143 131
51 64
83 9
83 22
18 7
16 110
110 1
1 3
118 114
25 22
104 143
22 15
110 124
22 32
48 20
67 88
156 149
153 45
32 70
15 124
7 108
11 158
61 38
38 97
5 23
73 61
73 38
73 98
23 84
11 133
29 13
73 32
148 11
32 25
142 130
66 97
144 148
27 69
59 57
97 43
43 27
124 105
48 102
111 48
133 102
66 11
28 24
49 88
105 142
110 83
20 27
125 27
65 25
84 116
102 111
30 39
39 28
47 46
28 65
30 15
150 146
65 57
24 8
8 28
24 39
66 48
30 24
28 60
8 130
67 37
135 31
96 44
130 28
6 85
76 141
55 59
60 57
118 44
66 58
91 81
16 129
118 36
119 55
123 77
116 112
100 132
55 130
130 119
139 123
55 58
105 8
42 52
23 136
52 61
136 103
12 22
19 22
121 41
147 118
150 64
18 68
113 72
111 20
63 49
23 116
113 76
114 44
114 128
103 116
131 117
20 140
141 127
115 129
67 42
93 143
144 58
11 152
152 133
53 54
145 153
135 145
146 137
122 138
113 141
148 58
147 36
149 121
14 157
157 150
147 151
262
51 64 146 0.192236 1.85103
109 44 128 2.04247 0.16994
147 51 137 0.117302 1.19055
14 150 64 0.0765374 2.15162
41 51 44 0.970676 1.49815
51 147 44 0.701441 0.943827
47 44 13 2.31196 1.44323
64 51 41 0.461472 1.98869
93 123 104 4.62235 0.0449324
47 41 44 1.61101 1.66041
45 149 41 0.272083 2.67308
41 14 64 0.345773 2.18511
46 145 41 0.825492 2.86727
135 31 107 0.367176 4.22702
46 87 92 1.94799 3.25788
46 41 47 1.58312 2.55341
88 31 92 1.69552 4.03155
92 31 46 1.57464 3.60289
87 21 92 2.63346 3.54196
31 145 46 0.923433 3.41496
47 87 46 2.05441 2.75609
49 107 31 0.735145 4.86178
47 29 87 2.78612 2.72631
151 100 36 0.0881835 0.170785
96 34 77 3.15098 0.76548
44 109 96 2.41998 0.375628
123 77 34 3.39847 0.559792
96 77 13 3.08119 1.11228
77 123 4 3.78989 0.909899
77 4 26 3.78682 1.45182
68 89 85 5.15491 1.85257
85 4 6 4.90319 1.38567
109 139 96 2.87751 0.205687
77 26 13 3.32562 1.4485
29 21 87 3.27021 3.34552
13 26 29 3.50507 2.12055
21 29 75 4.07747 3.53801
29 47 13 3.01577 2.30645
89 75 29 4.47303 2.83151
89 4 85 4.75289 1.72747
17 75 71 4.681 4.02435
17 21 75 4.17416 3.91692
71 75 10 5.06979 3.90255
29 4 89 4.35663 2.22247
26 4 29 3.96627 2.12387
88 92 21 2.57007 4.06822
68 75 89 5.01847 2.47223
96 13 44 2.55683 0.921106
82 138 101 9.57951 0.116541
42 21 17 3.99378 4.46687
63 49 79 1.28857 5.70152
63 107 49 0.632008 5.57342
79 49 88 1.70167 5.17113
63 79 94 1.88851 6.30979
79 37 94 2.71558 6.16461
88 21 67 2.95536 4.5498
0 40 94 2.88365 7.70159
67 79 88 2.3702 4.99754
49 31 88 1.41228 4.68672
63 94 40 2.06852 7.1142
84 116 112 0.254044 7.93118
107 63 126 0.26404 5.77199
23 84 2 1.11426 8.24168
5 120 136 2.09309 9.80936
2 40 5 2.22766 8.3831
2 84 63 1.06609 7.17774
80 106 134 4.57904 9.67693
81 5 40 2.75241 8.79075
81 40 0 2.98849 8.25745
2 5 23 1.70331 8.86986
63 40 2 1.64861 7.26241
120 81 134 3.15609 9.71556
37 79 67 2.78417 5.38275
84 112 126 0.254044 7.09784
37 42 74 3.85312 5.80886
37 67 42 3.49502 5.29577
74 42 95 4.43527 5.99413
74 0 94 3.44168 7.32668
42 52 95 4.75241 5.68208
52 42 71 4.8277 5.07444
61 95 52 5.44298 6.07207
95 61 35 5.2544 6.68913
42 67 21 3.64563 4.76597
74 95 35 4.59101 6.81561
78 35 86 4.21641 7.86332
78 0 74 3.7109 7.47798
78 86 91 4.21192 8.0992
91 81 78 3.82856 8.45837
62 91 86 4.52368 8.05456
33 62 35 4.89692 7.9134
80 81 91 4.2538 8.8243
33 80 91 5.00591 8.55986
33 91 62 4.89243 8.14928
62 86 35 4.52816 7.81868
74 35 78 4.15488 7.39786
78 81 0 3.38906 8.30261
52 71 73 5.6801 5.04621
74 94 37 3.45361 6.59411
17 71 42 4.50062 4.57431
80 69 106 5.1746 9.30324
6 4 93 4.92464 0.892442
123 93 4 4.38706 0.593722
85 18 68 5.41366 1.67051
18 6 72 5.77225 0.873642
90 18 7 6.05544 1.3909
68 18 90 5.67034 1.79727
72 76 7 6.43659 0.451516
6 93 117 5.36826 0.343653
12 7 1 7.59684 2.15224
72 7 18 6.20317 0.842435
6 117 72 5.75121 0.415179
90 7 12 6.7354 1.96937
10 68 99 5.49129 3.25819
10 75 68 5.15463 3.12197
68 90 99 5.65874 2.63285
71 99 73 5.85281 4.42806
50 12 19 7.37102 3.37345
99 90 50 6.19716 3.07594
22 70 19 7.49166 3.69413
19 70 50 7.18627 3.62702
19 12 22 7.67641 3.44056
50 70 99 6.64751 3.70152
90 12 50 6.88872 2.81883
73 99 70 6.4955 4.2641
127 7 76 6.63962 0.335057
85 6 18 5.36784 1.29534
54 56 53 9.03317 0.898062
56 54 82 9.16365 0.650832
53 56 16 9.2875 1.28208
3 7 53 8.17293 1.27863
56 82 115 9.51605 0.867312
108 122 54 8.3976 0.200187
30 124 105 9.71078 4.49972
115 82 101 9.78785 0.533207
54 53 108 8.47163 0.563957
53 16 3 9.1897 1.59531
12 9 22 7.97859 3.32744
12 1 9 8.10373 2.99115
9 1 83 8.40515 3.06579
22 9 83 8.28002 3.40207
16 110 3 9.53233 2.06488
110 1 3 9.0994 2.32847
15 25 22 8.506 4.00474
83 1 110 9.01309 2.79269
110 124 83 9.54409 3.1949
15 22 83 8.49087 3.52434
7 3 1 7.98457 1.76265
70 22 32 7.55834 4.11917
15 124 30 9.31369 4.06175
108 53 7 7.7092 0.631284
113 72 117 6.04697 0.116459
25 15 30 8.87291 4.40371
97 61 38 6.63554 6.82481
61 52 73 5.98953 5.68953
38 61 73 6.58421 5.92075
61 97 33 6.154 7.46584
73 98 38 7.03532 5.87221
98 73 32 7.21879 5.37337
98 32 25 7.89152 5.28578
97 38 59 7.37179 7.12564
70 32 73 7.10094 4.61464
66 97 59 7.54008 7.85592
33 27 69 5.73999 8.85822
33 97 27 6.16558 8.4822
27 106 69 5.58179 9.4071
33 69 80 5.3328 8.75435
43 66 48 7.34493 9.00768
27 97 43 6.73916 8.67099
48 102 111 8.3051 9.82741
48 20 43 7.20503 9.36041
66 11 133 9.1347 8.63721
43 20 27 6.80282 9.3138
97 66 43 7.1443 8.43055
125 27 20 6.4877 9.67391
98 59 38 7.60974 6.59126
33 35 61 5.40601 7.41149
25 39 65 8.99114 5.4777
25 30 39 9.01769 5.07318
65 39 28 9.20576 5.8326
65 57 98 8.43109 6.18585
24 8 28 9.41874 5.74619
24 39 30 9.21524 5.38195
65 28 60 9.13081 6.07165
24 28 39 9.2783 5.74575
8 24 30 9.35568 5.38238
28 8 130 9.66197 5.92879
55 59 57 8.7126 6.8047
59 98 57 8.20777 6.59688
60 57 65 8.92809 6.27384
55 57 60 8.92444 6.54333
66 58 11 9.02562 8.33048
28 130 60 9.44659 6.16741
133 48 66 8.27981 8.95111
48 133 102 9.13844 9.41074
119 55 130 9.68058 6.8404
58 59 55 9.0324 7.26561
60 130 55 9.35333 6.47762
66 59 58 8.49319 7.88224
8 30 105 9.59891 5.14832
98 25 65 8.4192 5.62878
22 25 32 8.05964 4.42063
103 23 136 0.728878 9.7526
125 106 27 5.81957 9.7808
10 99 71 5.40644 4.03877
121 41 149 0.269236 2.53349
55 119 58 9.5715 7.36701
127 108 7 7.01017 0.267513
147 118 44 0.792472 0.378274
16 129 110 9.90194 2.04253
48 111 20 7.30657 9.72051
116 84 23 0.566256 8.51711
113 76 72 6.30142 0.184002
118 114 44 1.20914 0.16994
56 115 16 9.63014 1.33497
23 103 116 0.312212 9.33593
93 131 117 5.35151 0.0449324
36 132 118 0.400684 0.066618
119 144 58 9.89092 7.81828
81 120 5 2.74918 9.52491
154 41 121 0.269236 2.37724
54 122 82 9.01878 0.316727
34 139 123 3.33163 0.198683
83 124 15 9.147 3.59026
20 140 125 6.7098 9.8931
84 126 63 0.518084 6.61984
76 141 127 6.60862 0.0675435
44 114 128 1.62581 0.16994
16 115 129 9.90194 1.62587
8 142 130 9.88814 5.85694
93 143 131 5.19526 0.0449324
36 100 132 0.19235 0.066618
11 152 133 9.99333 8.62809
80 134 81 3.98513 9.39249
135 145 31 0.367176 3.60202
5 136 23 1.57197 9.56195
137 51 146 0.117302 1.60722
82 122 138 9.16285 0.116541
96 139 34 3.08414 0.40437
20 111 140 7.12647 9.8931
76 113 141 6.40028 0.0675435
8 105 142 9.88814 5.44027
93 104 143 5.0911 0.0449324
144 148 58 9.89092 8.13078
145 45 41 0.272083 2.77724
150 146 64 0.0749348 2.01464
36 118 147 0.296517 0.274951
58 148 11 9.88425 8.26928
45 156 149 0.00284765 2.87396
14 157 150 0.00160261 2.24635
36 147 151 0.0881835 0.379118
11 158 152 9.99333 8.56299
45 145 153 0.00284765 3.00417
41 154 14 0.270838 2.30588
11 148 155 9.99333 8.49788
45 161 156 0.00284765 2.90651
14 162 157 0.00160261 2.2789
11 155 158 9.99333 8.53694
45 153 159 0.00284765 2.93906
14 154 160 0.00160261 2.31145
45 163 161 0.00284765 2.91628
14 160 162 0.00160261 2.29192
45 159 163 0.00284765 2.92279
