179
2.04815 0.896755
1.05332 1.25098
2.16912 0.911764
2.70482 1.43173
2.4337 3.32907
2.2 3.55989
1.77281 3.29691
1.05 1.25
1.65 0.2
1.3 0.4
2.5 0.25
2 0
4.73049 10.8164
4.81726 10.8815
4.18184 10.0548
6.88793 7.94747
7.49036 8.72317
5.86793 11.1452
4.47833 11.2059
4.46875 11.3688
4.7875 11.3875
3.81445 10.102
3.70145 10.4531
3.75094 10.884
4.25937 11.3032
3.25 1.25
3 0.5
2.06231 5.46115
0.35 5.4
2.2 5.26432
0.6 3.05
0.4 4
0.8 2.1
3.75 3
4.92767 5.25904
5 4.98814
5 4
4 4
3.5 2
5.85 11.45
4.25625 11.3563
3.725 11.325
10.0706 4.20316
11.425 4
9.96662 4.4503
9.8449 5.18059
10.5031 5.63816
11.575 5.5625
11.5 4.5
8.93149 3.84225
8.5625 3.75
7.92832 6.00912
7.875 5.82796
7.875 4
8.5 4
10.0994 3.55977
10.0945 3.47312
10.0869 3.35766
10.0853 3.33822
10.0751 3.2439
10.0249 2.93189
9.99728 2.85915
8.89464 3.16897
8.71626 3.39
11.2375 2.75
9.98038 2.77634
10.2204 1.72037
10.85 1.5
11.2 2.5
8.71875 3.125
8.875 2.5
10 1.5
9.25 1.25
9 2
6.625 4.06091
6.625 4
6.82631 7.62225
11.2137 3.25683
11.3113 3.24219
11.3313 3.375
6.81726 7.7392
2.24001 7.72027
2.23096 7.70595
7.82385 8.95014
10.1814 8.55061
10.8918 7.74632
8.65625 3.375
2.06696 9.16754
0.7 9.65
2.19213 9.0102
0.35 7.8
0.4 8.8
0.3 6.8
2.04636 9.34485
2.48892 10.8522
3.0932 10.968
1.575 10.7
1 10.5
2.4375 11
3.0125 11.2
3.3 11.3
8.10819 12.4859
6.85 12.65
7.92995 9.24053
6.7 11.5
11.725 7.6875
9.13573 14.1529
9.1399 14.1601
9.00787 13.3678
10.5689 11.9286
11.298 12.2624
12.8959 14.1942
12.748 14.624
11.5838 15.6466
11.1657 15.7087
10.4466 15.5534
7.65 15.65
7.15 14.55
7.3 15.3
7 13.8
11.2844 3.0625
11.2984 3.15625
11.1605 3.22486
11.3055 3.20313
9 17
10.6048 11.3473
11.3086 3.22562
11.3052 3.22414
11.3076 3.23076
11.2943 3.22277
11.3085 3.22363
11.3088 3.22559
11.3096 3.23047
10 0.5
9.75 0.25
9.5 0.5
10.25 0.25
10 0
10.5 0.5
11.7042 10.125
11.8 10.125
11.8 8.75
12.7014 11.4249
12.65 11.25
11.8 11.5
13.811 12.0448
14 11.1
13.4757 12.2712
13.5 11
13.1082 13.9384
14.5907 12.25
14.0854 12.0154
14.9238 12.75
14.1031 13.75
14.75 11.6
15 12.25
15 12
15 12.75
14.5 11.2
11.3081 3.2207
14.1559 18.1147
14.5 18
13.5625 18.2074
14.5 15.5
14 16.5
15 13.75
15 14.5
13.15 18.95
11.0409 16.8318
11.15 18.25
11.8 18.2
10.25 18.15
10 18
10.5 18.3
14.85 19.85
14.5 19.7
15.1 19.75
15 19.5
15.2 20
252
176 178
50 86
177 176
161 177
130 159
157 165
175 174
169 173
171 172
170 167
169 170
173 171
114 168
166 165
165 153
164 161
112 163
162 113
161 160
159 129
155 157
163 164
155 156
150 155
146 158
153 149
152 153
150 152
151 150
149 147
111 149
148 146
147 142
145 147
144 143
154 151
34 76
145 151
57 58
18 12
74 35
122 129
26 25
71 66
65 70
65 66
56 57
41 23
27 29
121 120
13 12
58 59
42 55
157 152
53 54
103 125
64 60
168 169
60 61
172 124
71 133
47 48
66 67
46 47
42 44
43 42
37 33
61 62
111 112
40 41
59 60
167 162
156 154
33 4
4 5
70 73
77 56
93 96
40 19
24 40
141 140
92 28
9 7
17 13
39 104
107 106
125 109
5 6
10 26
123 122
25 3
104 102
55 56
10 2
76 51
79 43
160 162
128 77
62 63
163 166
106 108
54 50
32 7
53 75
117 118
2 3
14 15
0 8
8 11
6 1
6 30
22 23
108 109
131 130
1 0
12 14
130 127
7 1
34 35
120 59
105 141
14 21
8 9
125 139
21 22
84 85
24 18
30 31
45 46
28 27
50 49
90 91
67 68
29 5
51 52
11 10
158 154
38 33
36 37
31 28
167 175
44 45
70 69
23 24
117 119
176 174
48 43
87 89
13 20
20 39
85 46
29 34
15 16
0 2
61 65
49 44
103 83
114 115
52 74
78 77
55 79
79 78
76 80
73 72
81 82
139 84
16 83
63 49
138 67
83 84
120 64
87 93
20 19
86 63
36 75
99 98
129 127
174 160
69 86
88 87
143 148
89 81
98 94
91 88
126 131
80 81
89 21
106 117
178 174
135 72
90 92
146 145
93 94
101 103
94 95
168 171
105 85
96 97
69 62
97 88
95 22
95 99
99 100
132 78
102 101
25 38
100 41
45 51
113 114
47 105
109 110
68 64
110 111
112 113
115 107
124 115
116 107
96 98
82 90
116 124
118 116
101 108
119 102
52 53
35 36
58 121
127 126
75 74
122 57
126 128
72 71
132 128
131 132
19 18
133 134
121 123
39 17
134 135
3 4
136 133
123 159
134 137
137 136
30 32
136 138
140 139
143 142
16 17
82 27
80 15
142 110
140 144
74
1 0 2 3 4 5 6 1.97538 2.0728
9 8 0 1 7 1.52547 0.745199
10 2 0 8 11 2.0799 0.406455
13 12 14 15 16 17 5.89514 9.66615
19 18 12 13 20 4.66784 11.1541
24 23 22 21 14 12 18 4.16633 10.6719
25 3 2 10 26 2.71373 0.874369
31 30 6 5 29 27 28 1.28101 4.34762
7 1 6 30 32 1.1318 2.51898
37 36 35 34 29 5 4 33 3.46372 4.34308
33 4 3 25 38 3.05326 2.372
20 13 17 39 5.28698 11.2093
40 24 18 19 4.38396 11.3049
41 23 24 40 3.92986 11.1876
48 47 46 45 44 42 43 10.7662 4.84681
50 49 44 45 51 52 53 54 8.75877 4.81452
63 62 61 60 59 58 57 56 55 42 44 49 9.53773 3.58867
64 60 61 65 66 67 68 10.5902 2.29288
70 65 61 62 69 9.23628 2.84163
72 71 66 65 70 73 9.56745 2.03826
75 74 35 36 5.57312 4.33056
52 51 76 34 35 74 6.50688 5.70979
79 55 56 77 78 10.7556 3.40367
43 42 55 79 10.7318 3.78949
34 76 80 81 82 27 29 4.07925 6.59496
45 46 85 84 83 16 15 80 76 51 8.98553 7.21379
53 52 74 75 7.4449 4.60998
69 62 63 86 8.75633 3.24546
91 90 82 81 89 87 88 1.28535 8.55665
15 14 21 89 81 80 4.17674 8.6254
28 27 82 90 92 1.22626 6.61143
22 95 94 93 87 89 21 2.84787 10.0848
88 87 93 96 97 1.39287 9.91808
96 93 94 98 2.04958 10.3533
100 99 95 22 23 41 3.4573 10.9859
98 94 95 99 2.77981 11.0109
104 39 17 16 83 103 101 102 7.23944 10.8783
105 85 46 47 11.1681 6.61443
107 106 108 109 110 111 112 113 114 115 10.8956 13.9275
118 117 106 107 116 7.93366 14.8142
102 101 108 106 117 119 7.9024 13.5153
121 58 59 120 10.6858 3.20024
123 122 57 58 121 10.7821 3.25258
116 107 115 124 9.05585 15.5875
108 101 103 125 109 9.05606 11.4651
127 126 128 77 56 57 122 129 10.5718 3.33929
131 126 127 130 11.3075 3.22449
132 128 126 131 11.3087 3.22877
135 134 133 71 72 9.7 0.916667
136 133 134 137 10 0.25
67 66 71 133 136 138 10.3392 1.05585
78 77 128 132 11.2782 3.24309
84 139 125 103 83 9.9246 9.75665
140 139 84 85 105 141 11.2067 8.70938
143 142 110 109 125 139 140 144 11.4224 11.3831
146 145 147 142 143 148 13.4079 11.5373
149 111 110 142 147 12.5625 12.6628
151 150 152 153 149 147 145 13.9542 12.9473
156 155 150 151 154 14.6319 11.9846
157 152 150 155 14.8596 12.4428
120 59 60 64 10.6554 2.997
154 151 145 146 158 14.227 11.5625
159 129 122 123 11.2577 3.2168
161 160 162 113 112 163 164 13.2281 16.3036
166 163 112 111 149 153 165 14.0164 14.4723
170 169 168 114 113 162 167 12.0785 17.4052
124 115 114 168 171 172 10.2252 16.7819
171 168 169 173 10.7992 17.7831
175 167 162 160 174 13.9925 18.9039
165 153 152 157 14.699 13.3906
130 127 129 159 11.3035 3.22259
176 174 160 161 177 14.6303 18.8815
86 63 49 50 8.72392 3.63896
174 176 178 15.05 19.8667
