0
160
69 72
36 37
35 36
59 11
20 59
35 37
34 35
33 14
32 33
72 73
56 32
65 67
40 4
39 40
38 39
34 38
1 4
33 34
34 4
4 6
28 4
40 41
4 33
68 69
30 31
14 1
30 14
11 60
1 28
19 52
55 27
21 22
24 25
28 6
37 38
8 27
12 6
63 53
11 63
52 20
60 66
0 8
8 9
38 4
5 49
45 3
12 28
5 0
54 26
53 21
11 64
18 19
27 28
0 52
44 57
44 6
25 53
13 3
6 43
54 11
46 47
62 58
32 14
21 25
70 7
10 18
3 58
73 71
41 42
42 43
56 14
31 56
50 10
0 18
45 62
15 16
3 2
71 70
57 65
23 24
51 15
7 72
48 49
15 10
9 65
10 51
64 54
50 51
53 11
18 49
34 37
65 2
17 10
16 17
2 9
7 73
25 60
9 57
19 0
3 47
67 61
11 26
26 20
18 5
20 0
8 44
61 2
17 18
47 5
14 31
44 12
5 13
13 47
46 3
59 63
26 55
58 46
2 45
28 29
62 3
13 9
7 68
13 8
11 66
20 11
9 44
69 7
14 29
55 8
4 42
43 4
27 12
61 45
47 48
48 5
2 67
66 68
49 50
10 49
68 11
70 64
16 10
4 41
43 44
1 33
21 24
8 5
71 7
8 12
25 11
29 30
29 1
7 64
22 23
20 8
24 22
40 38
13 2
8 26
11 7
87
10 51 15 1.6941 0.718184
9 65 2 4.69422 11.0242
10 15 16 2.26077 0.751518
49 50 10 0.994103 2.61818
10 50 51 1.2941 1.41818
18 49 10 2.06077 3.25152
10 16 17 2.76077 1.41818
57 65 9 4.93273 11.0952
2 67 61 4.26566 11.2998
26 20 11 9.61973 3.96285
25 53 21 9.65 2.5
18 19 0 5.45315 4.20999
64 54 11 10.5072 3.37952
5 0 8 6.71596 6.04024
20 0 52 7.36982 4.20999
11 63 53 8.76556 3.21285
49 18 5 2.80163 4.84055
8 0 20 8.21433 5.19969
17 18 10 3.0941 2.58485
5 18 0 4.78811 5.05054
47 5 13 2.79993 8.08503
5 47 48 1.5683 7.37389
47 13 3 2.39827 9.48087
46 3 58 1.9833 10.7031
3 46 47 1.39997 10.0031
2 45 3 3.46146 11.0654
3 45 62 2.94164 11.0364
3 13 2 3.6931 10.2765
9 2 13 4.50086 10.2104
13 8 9 6.33388 8.80442
9 44 57 5.64106 11.1369
8 13 5 5.92778 7.47473
8 26 55 10.9778 6.03137
4 42 43 8.44971 14.0802
66 68 11 10.4854 3.23368
4 41 42 8.78304 14.8135
6 43 44 7.69998 12.2172
3 62 58 2.5583 10.9031
9 8 44 7.23557 9.65994
45 2 61 3.91149 11.279
48 49 5 1.5683 5.77389
7 73 71 11.3085 3.22584
53 25 11 9.60306 2.96285
22 23 24 10 0.333333
7 71 70 11.309 3.2291
11 7 64 10.4932 3.2883
44 12 6 8.80892 11.0089
44 8 12 8.93678 9.54801
27 12 8 10.6368 8.63134
6 12 28 10.5089 11.0089
21 24 25 10.2333 1.66667
24 21 22 9.66667 1
26 11 54 10.5697 3.79618
7 70 64 11.3102 3.23691
55 27 8 11.0778 7.44803
20 26 8 9.92784 5.15637
28 12 27 11.3089 10.1416
0 19 52 6.53649 4.20999
28 29 1 12.5024 11.5609
14 31 56 14.8879 12.408
60 66 11 10.476 3.17118
14 29 30 14.2213 11.6413
7 68 69 11.3063 3.21087
25 60 11 10.4447 2.96285
6 28 4 10.7497 11.9974
34 4 33 13.3497 14.7135
1 4 28 11.6855 12.2744
33 4 1 12.7521 13.2744
4 34 38 12.283 15.9469
40 38 39 10.7667 18.1667
38 40 4 10.9497 16.4469
2 65 67 4.40732 11.3081
34 37 38 13.4333 18.1333
40 41 4 9.68304 15.7135
14 56 32 14.8879 12.7413
14 1 29 13.457 11.9689
7 72 73 11.3083 3.22454
14 32 33 14.8879 13.408
34 35 37 14.5 18.5667
11 20 59 8.66139 3.62952
35 36 37 14.9 19.7333
11 59 63 8.72389 3.37952
11 68 7 10.4901 3.26747
7 69 72 11.308 3.22259
33 1 14 13.957 13.1355
30 31 14 14.7213 11.9747
4 43 6 9.14969 12.7641
