0
318
128 132
132 130
47 132
129 1
127 129
112 128
127 1
129 131
69 36
68 69
124 119
87 105
97 72
131 1
98 73
74 75
114 73
73 75
25 121
121 97
70 71
90 106
120 111
96 70
25 96
119 25
99 76
78 79
100 77
13 18
13 76
106 117
33 106
100 38
38 21
77 78
38 77
52 32
13 26
45 13
32 25
26 32
45 26
25 45
66 48
45 18
32 35
78 13
25 112
68 36
108 94
66 95
98 28
108 2
66 35
67 36
96 110
90 33
28 18
2 23
11 109
18 76
109 65
23 109
65 66
98 18
113 98
64 16
12 64
25 71
15 16
108 15
11 66
12 15
15 23
31 15
23 11
95 127
110 36
37 9
128 47
116 86
130 125
48 32
29 116
86 29
27 30
112 47
11 39
14 82
37 103
22 9
3 30
11 65
33 4
59 60
10 43
72 113
81 14
81 52
41 20
22 41
91 107
56 22
27 3
95 1
119 110
26 25
46 62
25 95
73 74
107 58
78 38
30 8
1 25
71 112
49 3
12 63
67 68
17 9
57 91
64 15
103 29
3 91
56 57
49 107
43 27
56 33
108 16
34 44
33 22
3 41
57 41
104 87
92 46
16 118
125 47
4 104
42 7
6 103
33 117
61 62
117 56
1 133
124 1
58 5
103 116
57 3
70 25
115 83
7 90
31 10
24 50
41 56
34 86
17 44
125 121
110 67
133 124
93 64
31 5
84 102
12 59
43 11
42 88
54 7
18 99
87 42
121 47
88 89
97 45
108 23
14 40
60 62
58 49
1 119
63 46
85 103
60 46
118 123
3 5
17 34
42 4
105 88
29 37
89 54
44 4
36 120
42 105
54 55
6 84
104 44
102 85
50 14
55 90
58 31
26 52
7 88
49 5
44 86
89 53
42 33
113 18
83 84
55 7
21 13
0 83
34 29
9 19
19 37
92 63
5 27
53 54
29 9
43 39
9 20
32 66
20 19
19 6
39 24
85 51
62 92
51 102
85 6
6 51
131 133
4 17
84 51
64 118
0 101
101 115
115 0
123 16
6 0
43 23
6 37
83 6
20 30
95 32
20 22
19 0
45 72
21 76
90 42
76 100
100 21
80 52
25 97
114 122
47 25
12 31
119 96
22 17
30 41
122 98
98 114
24 35
30 82
81 82
82 20
30 50
58 59
50 82
69 120
13 38
63 93
91 49
4 22
93 12
40 50
47 130
8 50
30 43
43 8
8 24
20 0
24 40
35 48
52 79
18 72
123 108
79 80
80 81
36 111
75 114
11 24
5 10
111 96
40 52
28 122
52 14
94 109
40 35
35 52
96 36
82 101
52 13
9 34
13 79
87 4
46 12
39 8
86 104
27 10
101 20
2 94
109 2
122 126
66 24
126 28
46 59
89 7
126 99
99 28
60 61
58 12
31 23
23 10
185
88 89 7 1.33909 1.60986
1 133 124 12.7509 11.2217
89 54 7 2.07242 1.07653
54 89 53 2.1 0.3
18 72 113 13.9424 17.018
42 7 90 2.3405 2.92139
16 118 123 11.4778 5.19952
88 7 42 1.35716 2.62139
104 87 4 0.57314 4.90884
4 87 42 0.907883 4.2537
44 4 17 1.12176 5.84487
104 44 86 0.578463 6.16743
44 17 34 1.18023 6.23163
22 17 4 2.05723 5.51592
42 33 4 2.04399 4.23248
17 9 34 1.71382 6.45836
105 88 42 0.918077 2.86153
44 34 86 0.843407 6.5297
55 7 54 2.80575 1.60986
47 130 125 14.6972 15.0993
33 22 4 2.88985 4.85943
33 117 56 3.91528 3.89544
56 57 41 4.82648 4.42691
3 91 49 7.28124 4.93667
95 1 25 13.174 12.2233
107 58 49 8.10496 4.07845
46 62 92 10.4601 1.13777
33 56 22 3.90005 4.41725
20 22 41 4.37009 6.10158
22 56 41 4.12374 4.86538
41 57 3 5.71109 5.28513
3 30 41 5.82192 6.32711
3 5 27 7.46862 6.39787
5 3 49 7.81914 5.54375
5 49 58 8.43453 4.68553
43 27 10 8.24855 7.20183
3 57 91 6.63462 4.85822
17 22 9 2.62948 6.0679
58 31 5 9.0402 5.1054
7 55 90 3.05575 2.44319
37 103 29 1.13932 7.75302
30 3 27 6.62489 6.83277
86 29 116 0.437392 7.06467
86 34 29 0.710669 6.7936
37 9 19 2.69475 7.79887
9 37 29 1.91803 7.48051
19 9 20 3.48084 7.58005
37 19 6 2.51374 8.41858
9 29 34 1.50605 6.85442
6 103 37 1.62463 8.33555
85 51 102 0.725616 9.30636
51 85 6 1.20666 9.03689
84 51 6 1.40666 9.60356
0 101 115 4.32765 11.1629
6 0 83 3.09203 10.2934
0 6 19 2.9978 9.20977
83 0 115 3.76098 11.1295
6 83 84 2.14771 10.2139
103 6 85 0.964376 8.48053
21 76 100 11.3744 18.0735
19 20 0 3.86311 8.8321
114 122 98 13.9375 18.8208
20 30 82 5.92385 8.77818
20 9 22 3.77233 6.66883
82 30 50 7.10098 9.67165
12 63 93 11.0919 3.14831
30 8 50 7.68501 9.20747
8 30 43 7.82296 8.65597
24 50 8 8.77309 10.3439
40 50 24 8.86524 11.1376
30 27 43 7.3017 7.55271
82 50 14 7.71763 11.4946
80 52 79 7.95825 15.0387
52 80 81 7.62492 14.3053
44 104 4 0.801603 5.67627
36 111 96 14.979 12.2974
14 40 52 8.49524 12.9664
40 14 50 8.3938 11.8241
52 40 35 9.1763 12.657
14 52 81 7.91907 13.4036
81 82 14 7.29415 12.6316
79 52 13 9.38534 15.4192
39 8 43 8.97985 9.36593
20 82 101 5.47968 10.2029
30 20 41 5.18365 6.70509
2 94 109 11.567 7.01252
10 27 5 8.30835 6.23075
28 122 126 13.3814 19.0455
59 60 46 9.51007 1.30444
28 126 99 13.2689 18.983
62 46 60 10.0101 0.804438
47 125 121 14.6712 15.1514
12 59 46 9.91863 2.28608
62 60 61 10 0.333333
16 123 108 11.4903 5.3766
31 58 12 9.66086 4.31329
8 39 24 9.284 9.96622
10 5 31 9.26455 5.7965
31 23 10 9.88177 6.03383
35 40 24 9.51697 11.5634
43 11 39 9.70183 9.00279
11 43 23 10.0059 8.09524
31 15 23 10.3083 5.85619
39 11 24 10.006 9.60308
15 31 12 10.3117 4.82676
24 11 66 10.6716 10.3511
63 46 92 10.6934 1.80444
58 59 12 9.40856 3.14831
16 108 15 11.1224 5.45777
15 12 64 10.8928 4.49511
16 15 64 11.0974 5.1036
51 84 102 0.925616 9.87303
18 113 98 14.109 17.518
64 12 93 11.1919 3.81498
12 46 63 10.652 2.45275
108 23 15 10.9143 5.8787
66 11 65 11.406 9.75601
109 65 11 11.381 8.48517
90 33 42 2.97085 3.45697
109 11 23 11.0195 7.74625
110 36 96 14.3373 11.9224
110 67 36 13.8373 11.4224
2 23 108 11.2054 6.27359
95 32 66 12.0226 11.601
94 2 108 11.517 6.30419
68 36 67 14.3123 11.4474
49 91 107 7.68829 4.07845
23 2 109 11.2554 6.98193
25 112 47 14.5254 14.7578
24 66 35 10.5408 11.234
35 48 32 11.0778 11.8346
35 66 48 11.1385 11.6502
26 25 45 12.7895 15.1585
25 26 32 12.5855 13.9238
26 45 13 11.9415 15.9076
26 52 32 10.7354 13.7978
66 32 48 11.6026 11.7791
26 13 52 10.7232 15.2606
78 38 77 10.4525 18.007
38 78 13 10.8129 17.3875
38 21 100 11.0602 17.9138
33 106 117 3.87361 3.72877
21 13 76 11.5182 17.4707
13 21 38 11.204 17.311
18 76 13 12.3194 17.3152
100 77 38 10.8358 18.0903
79 13 78 9.86043 16.8139
18 99 76 12.8424 18.1513
13 45 18 12.4627 16.5009
32 52 35 10.1394 12.5119
25 71 112 14.6251 14.5647
32 95 25 12.7977 12.4991
119 25 1 13.2449 12.2025
45 25 97 13.6184 15.1504
25 96 70 14.7084 13.2314
36 120 111 14.979 12.1724
33 90 106 3.81111 3.47877
70 71 25 14.7084 13.8981
96 25 119 13.9959 12.6272
121 97 25 14.4168 14.9814
28 18 98 13.805 18.0864
28 99 18 13.355 18.4031
18 45 72 13.269 16.5203
73 75 114 14.4417 19.5083
75 73 74 14.9 19.7333
98 73 114 14.4417 18.9417
45 97 72 13.5766 15.919
119 110 96 13.6458 11.6042
20 101 0 4.524 9.94908
42 87 105 0.784743 3.49486
1 124 119 12.7885 11.2107
47 121 25 14.4838 14.8411
36 68 69 14.8123 11.7807
16 64 118 11.459 4.93389
36 69 120 14.979 12.089
10 23 43 9.52423 7.11367
98 122 28 13.7751 18.6976
29 103 116 0.454059 7.398
1 95 127 12.7 11.2367
47 112 128 14.7233 15.0472
1 127 129 12.7266 11.2289
47 132 130 14.705 15.0837
1 129 131 12.7398 11.225
47 128 132 14.7102 15.0732
1 131 133 12.7465 11.223
