299
1.25752 2.69237
0.7 2.575
1.26077 2.69102
1.52799 1.39059
1.05 1.25
0.8 2.1
2.11667 1.01667
1.65 0.2
2.10554 1.20583
1.3 0.4
2.57844 3.36241
2.82032 2.70117
2.56564 1.47812
12.7551 11.2269
12.7465 11.2222
12.8566 11.3637
13.3194 12.7641
13.1059 12.8633
12.832 11.7707
12.7429 11.3206
12.7386 11.2323
12.7463 11.2217
12.7529 11.2197
12.8094 11.2031
3.25 1.25
2.5 0.25
3 0.5
2 0
13.8876 16.9541
12.9708 16.4718
13.9527 17.7658
13.6566 18.1584
13.2675 18.1021
12.8045 17.9819
12.4251 17.2294
12.6206 16.7768
13.3564 15.5532
14.25 16
14.125 16.875
14 16.5
14.375 17.625
2.61083 3.54095
2.38817 4.62999
1.28497 4.4056
0.800684 3.5883
2.66128 3.53781
3.8125 3.25
3.625 2.5
11.4618 5.17007
11.0159 4.80112
11.4289 5.43934
11.0093 5.77751
10.6916 4.7336
11.5188 4.76563
11.5469 5.16406
11.5656 5.42969
0.408694 6.10299
0.325 6.1
0.717587 5.85123
0.581917 4.70739
0.375 4.7
0.5 3.525
0.4 4
0.746532 5.84779
2.42885 4.85729
2.4283 4.71192
1.49443 6.27236
0.681896 6.5341
2.01631 6.42114
2.61234 5.65958
0.419436 7.04465
0.3125 7.05
0.722974 6.64491
0.3 6.8
1.70606 7.3859
3.68226 4.63603
4.14877 4.6744
4.25852 6.53216
3.96333 6.63666
3.93207 3.88417
3.65047 3.68895
1.712 7.49232
2.42212 7.64917
3.75116 7.23652
3.5 2
14.6612 15.0923
14.7067 15.0858
14.1869 14.9528
14.0326 14.8842
14.2483 14.7439
14.6189 14.9735
14.7047 15.0652
14.707 15.0859
14.6953 15.1094
14.6563 15.1875
3.90625 3.625
3.96875 3.875
5 4.35575
5 4
4 4
6.625 5.21164
6.625 4
5.88019 5.40078
5.17625 6.43403
5.39763 6.2117
7.17805 5.33969
7.53261 5.53461
7.6207 5.79298
6.57152 6.89598
7.5625 4.21277
7.5625 4
8.56309 4.93434
8.1875 4.04047
12.6766 11.2422
13.085 12.8737
12.4111 12.0078
12.225 11.375
12.3563 13.727
13.0299 14.7966
13.309 15.1351
13.8006 14.994
14.4892 14.5571
14.7714 13.75
13.4062 12.75
13.3823 12.7377
8.1875 4
9.47805 3.18201
8.75 3
9.74019 4.23314
9.01309 4.84447
8.5 4
10.4812 1.06782
10 0.820292
10.358 2.23346
10.0821 2.53038
10.0002 2.55844
9.25624 1.25208
10 0.5
10.25 0.25
10.675 1
10.5 0.5
11.025 2
6.23749 9.33639
5.96607 9.47678
5.29196 9.52443
4.13522 9.17853
6.3414 9.32766
6.65022 9.14426
6.70437 9.10576
7.33341 8.18606
8.19591 6.95664
9.29288 5.61039
8.30118 7.28866
9.5803 7.52358
9.81742 7.74237
9.8128 7.7739
9.01046 9.49577
9.9523 6.27609
10.0618 6.17498
10.1752 4.43872
1.42215 7.87853
1.34738 8.14724
3.10425 9.02338
0.696659 7.53204
0.3375 7.55
1.28508 8.2545
0.375 8.3
3.43688 9.3903
1.27708 8.58964
2.14658 10.0671
2.383 10.2301
2.61848 10.1193
0.702057 9.17133
0.55 9.225
0.4 8.8
1.09446 9.98872
0.85 10.075
2.15 10.9
1 10.5
4.61342 10.7218
3.73365 11.178
5.85 11.45
4.575 11.375
3.725 11.325
3.3 11.3
11.4596 18.0247
11.9656 17.2866
10.9753 18.0011
11.1276 17.0293
12.475 18.575
11.475 18.225
11.8 18.2
10.8109 18.0921
10.825 18.275
14.4837 18.9343
14.1625 19.5125
14.4987 18.8338
14.0142 18.5869
13.6563 19.2312
13.4403 19.0237
13.4031 19.0906
13.9943 18.5692
14.75 18.75
7.86222 11.4774
7.01178 12.6289
6.85 12.65
6.7 11.5
8.25095 11.4929
8.8339 11.3657
8.9176 10.6072
11.0769 3.02972
10.9855 4.06593
10.432 4.47218
11.275 3
11.2 2.5
11.425 4
9.21297 9.81705
10.4682 10.0195
10.9835 10.3664
10.9034 10.5493
9.16786 11.5142
10.1631 13.3272
8.57278 13.143
7.79157 13.394
7.78114 14.4238
7.15 14.55
8.37022 14.9298
7.65 15.65
7.3 15.3
9.90018 15.3324
10.0507 15.1601
10.6669 13.9196
10.4526 13.5496
9.79225 16.2078
9 17
7 13.8
14.6624 12.375
14.983 12.1875
13.4877 12.5822
13.6481 12.2886
13.8007 12.0966
14.4002 11.8186
14.9492 12.0625
15 12.1875
15 12.375
15 12.75
13.4172 12.6809
10.7213 12.5819
10.9152 10.661
9.93929 16.357
11.7681 15.9691
11.6376 7.15977
11.315 6.11475
10.7365 7.53344
11.1906 6.0881
11.6125 6.09375
11.6875 7.15625
11.0693 8.26768
11.7625 8.21875
10.4685 7.76786
13.2432 18.981
13.2344 18.9969
9.25 1.25
9 2
9.75 0.25
9.5 0.5
14.5625 15.375
10 0
11.0064 5.925
11.4904 10.125
11.682 11.7677
11.8 10.125
11.8 11.5
11.5 4.5
11.8 8.75
12.9688 11.1563
13.2875 11.0625
14 11.1
13.5 11
14.75 11.6
14.5 11.2
14.7344 15.0313
14.875 14.75
10.427 17.8551
10.25 18.15
10 18
10.5 18.3
15 13.75
15 14.5
15 12.0625
14.85 19.85
15.1 19.75
15 19.5
14.5 19.7
15.2 20
15 12
12.7164 11.2305
14.7148 15.0703
12.7363 11.2246
432
296 298
298 20
297 91
113 296
293 290
195 293
291 292
290 291
194 290
245 287
266 37
275 23
162 167
193 192
142 146
7 27
296 19
103 142
137 132
131 139
131 133
149 108
152 150
132 131
52 49
295 289
270 248
150 151
125 130
126 128
124 16
133 134
18 19
121 122
11 47
89 121
70 72
118 119
183 180
117 118
116 113
291 294
255 252
128 129
244 245
110 109
106 107
28 38
100 105
19 20
104 102
98 101
99 98
98 97
93 94
89 90
79 80
123 124
43 44
121 282
85 93
77 78
284 285
91 86
90 91
108 104
208 209
268 158
87 88
136 262
84 47
126 135
279 295
24 84
36 119
1 61
101 100
191 189
82 83
86 85
63 66
75 79
276 275
78 69
129 111
225 235
161 160
3 4
29 28
254 268
239 240
66 68
35 250
139 141
55 50
74 81
32 33
6 8
112 109
277 280
49 48
114 117
69 64
75 76
113 18
73 71
166 164
223 224
100 102
147 148
223 222
280 279
31 32
261 260
24 12
34 186
264 137
20 14
275 246
51 52
40 30
25 26
22 21
220 221
165 168
172 175
14 13
93 92
4 9
122 123
8 3
4 5
54 53
197 198
96 99
114 115
160 81
0 2
15 16
249 188
101 110
65 75
37 36
21 14
60 57
17 114
27 25
36 29
6 25
5 1
294 290
26 24
48 54
105 106
236 238
38 39
204 205
124 246
66 67
47 46
286 193
81 82
72 74
7 6
13 22
163 160
201 31
227 228
284 286
235 205
23 15
95 80
68 69
251 256
12 8
28 30
2 3
9 7
130 127
94 87
250 230
271 272
45 41
16 17
77 103
149 152
102 97
200 199
60 62
219 220
38 40
10 41
41 42
62 61
92 297
107 108
42 43
50 51
119 120
44 0
251 253
88 89
186 185
83 78
39 37
33 34
106 111
11 12
67 56
54 55
213 215
231 232
53 49
112 125
153 157
80 45
216 156
76 77
57 56
56 58
109 105
71 70
225 224
65 42
238 239
35 29
151 129
188 186
127 126
48 50
265 264
273 53
63 64
64 65
103 104
262 263
59 60
287 122
57 73
74 68
46 45
282 281
153 154
182 181
144 179
55 255
154 155
155 156
164 163
156 148
168 169
146 147
134 210
292 202
157 151
215 273
157 158
13 15
158 159
30 31
82 162
281 90
203 207
162 161
79 96
221 222
111 112
165 166
70 163
169 170
170 171
207 208
226 227
171 167
168 172
173 174
174 166
249 283
176 175
187 188
230 231
173 176
170 177
239 276
258 257
177 178
178 176
180 171
58 59
181 143
226 229
256 258
179 182
182 183
185 187
141 133
189 33
185 190
2 10
190 191
192 187
245 123
144 145
268 51
190 193
194 196
218 269
159 128
282 288
196 197
198 195
199 201
201 197
198 200
202 196
134 135
40 202
146 203
125 110
155 217
203 204
17 18
206 181
95 46
139 140
209 147
298 21
161 165
210 211
143 144
211 212
1 0
212 159
142 143
232 247
72 67
210 213
213 214
209 216
214 141
288 287
92 86
215 211
179 180
237 236
22 23
71 164
236 244
85 87
279 241
217 218
218 219
243 289
220 208
222 207
120 88
204 223
224 226
228 225
152 153
229 230
232 221
234 233
264 267
233 229
227 234
140 138
172 173
240 241
241 242
242 237
281 297
252 251
243 237
244 243
246 238
247 248
97 76
248 219
233 249
195 194
253 254
138 137
254 252
256 255
136 132
257 259
115 116
259 253
199 260
269 257
43 59
260 32
58 63
200 261
61 44
263 127
262 265
261 189
283 192
266 120
167 145
94 266
267 138
154 259
52 212
107 150
115 270
135 136
269 271
216 217
270 247
34 35
272 116
96 95
271 274
184 177
278 277
274 258
183 184
277 240
145 83
276 278
231 117
148 149
118 250
289 242
10 11
175 169
205 206
283 284
285 234
134
5 4 3 2 0 1 1.12325 1.99176
7 6 8 3 4 9 1.57758 0.881028
12 11 10 2 3 8 2.07874 2.2514
14 13 15 16 17 18 19 20 13.0205 12.1482
22 13 14 21 12.7513 11.2228
23 15 13 22 12.8055 11.2625
24 12 8 6 25 26 2.66088 0.924849
25 6 7 27 2.08039 0.41486
29 28 30 31 32 33 34 35 13.2244 17.3526
39 38 28 29 36 37 13.6233 16.2668
40 30 28 38 14.0925 17.3414
2 10 41 42 43 44 0 1.73457 3.70904
46 45 41 10 11 47 3.19511 3.03368
49 48 50 51 52 11.0837 5.22101
54 48 49 53 11.3578 4.92978
55 50 48 54 11.5005 5.31116
60 59 58 56 57 0.498232 5.42571
61 44 43 59 60 62 0.731073 4.16585
42 65 64 63 58 59 43 1.35007 4.99462
58 63 66 67 56 0.869185 6.19982
69 68 66 63 64 1.84917 5.71323
73 57 56 67 72 70 71 0.458514 6.5934
74 72 67 66 68 1.43535 6.72389
69 64 65 75 76 77 78 3.46351 5.46522
45 80 79 75 65 42 41 3.12178 4.15145
78 83 82 81 74 68 69 2.77638 6.78582
1 0 44 61 0.830932 3.04913
47 11 12 24 84 3.07786 1.99488
86 85 87 88 89 90 91 14.3627 14.922
93 85 86 92 14.6879 15.0958
94 87 85 93 14.5129 15.0811
96 79 80 95 3.8429 3.74048
98 97 76 75 79 96 99 4.32626 4.29468
101 100 102 97 98 5.92648 4.58194
104 103 77 76 97 102 4.88467 5.47901
100 105 106 107 108 104 102 6.51413 5.95928
110 109 105 100 101 7.03029 4.58424
112 111 106 105 109 7.85209 4.79302
113 18 17 114 115 116 12.656 11.9107
124 123 122 121 89 88 120 119 118 117 114 17 16 13.5601 13.9509
125 112 109 110 7.80412 4.07308
127 126 128 129 111 112 125 130 8.9983 3.99205
132 131 133 134 135 136 9.96896 1.59036
140 139 131 132 137 138 10.3109 0.690026
141 133 131 139 10.6452 1.67454
78 77 103 142 143 144 145 83 4.8817 8.0585
149 148 147 146 142 103 104 108 6.26275 7.7565
111 129 151 150 107 106 8.42563 5.76
152 149 108 107 150 7.46356 7.01627
149 152 153 154 155 156 148 8.39304 8.41935
151 157 153 152 150 9.14801 6.69206
159 158 157 151 129 128 9.69303 5.15967
161 160 81 82 162 2.17339 8.15274
164 163 160 161 165 166 0.810067 7.94481
70 72 74 81 160 163 1.05055 7.29203
71 70 163 164 0.455152 7.3387
145 167 162 82 83 3.38073 8.28756
171 170 169 168 165 161 162 167 2.28936 9.21172
166 165 168 172 173 174 0.785337 8.641
169 175 172 168 1.35213 9.45306
173 172 175 176 0.812574 9.64739
176 175 169 170 177 178 1.65921 10.3687
144 179 180 171 167 145 3.96992 10.0857
182 179 144 143 181 5.34793 10.5571
183 180 179 182 4.25296 11.1285
177 170 171 180 183 184 2.86552 10.794
186 185 187 188 11.3896 17.5392
191 190 185 186 34 33 189 12.1776 17.8836
193 192 187 185 190 11.137 18.1354
198 197 196 194 195 14.0904 19.0465
200 199 201 197 198 13.6942 18.9456
202 196 197 201 31 30 40 14.2282 18.2436
181 143 142 146 203 204 205 206 6.72186 10.9509
209 208 207 203 146 147 7.76229 10.4472
134 210 211 212 159 128 126 135 10.2923 3.51886
214 213 210 134 133 141 10.7796 2.51693
215 211 210 213 11.1924 3.58815
156 216 209 147 148 8.23801 9.74979
208 209 216 217 218 219 220 9.72848 10.5866
207 208 220 221 222 9.06343 12.4132
222 223 204 203 207 7.88223 12.489
225 224 226 227 228 7.69055 14.9664
223 222 221 232 231 230 229 226 224 9.17293 14.138
227 226 229 233 234 8.87603 15.8391
205 204 223 224 225 235 7.338 13.6563
237 236 238 239 240 241 242 14.2519 12.2073
244 236 237 243 14.8872 12.3095
245 123 124 246 238 236 244 14.3246 12.5969
219 248 247 232 221 220 10.2013 11.9413
250 35 34 186 188 249 233 229 230 11.1075 16.3148
216 156 155 217 9.74182 9.17134
252 251 253 254 11.2069 6.88134
256 251 252 255 11.5395 6.50596
258 257 259 253 251 256 11.2423 7.77078
201 199 260 32 31 13.5303 18.5465
261 260 199 200 13.3491 19.0301
263 262 136 135 126 127 9.34191 2.40026
264 137 132 136 262 265 9.66463 0.730519
189 33 32 260 261 12.9498 18.4542
266 120 88 87 94 14.2629 15.1126
138 137 264 267 10 0.25
255 252 254 268 51 50 55 11.3487 5.81285
268 254 253 259 154 153 157 158 10.3766 6.87577
259 257 269 218 217 155 154 10.6874 9.01288
212 52 51 268 158 159 10.4747 5.37508
116 115 270 248 219 218 269 271 272 11.5905 10.9852
53 49 52 212 211 215 273 11.0636 4.44061
274 271 269 257 258 11.5236 9.0621
276 239 238 246 275 13.3264 11.8051
277 240 239 276 278 13.6616 11.4999
117 231 232 247 270 115 114 11.7068 12.9317
279 241 240 277 280 14.2265 11.557
281 90 89 121 282 14.5856 14.7807
270 247 248 11.1062 11.6702
117 118 250 230 231 11.5574 14.7614
36 29 35 250 118 119 12.6823 15.8122
234 233 249 283 284 285 9.79093 17.1764
188 187 192 283 249 10.5986 17.2587
286 284 283 192 193 10.5448 18.1152
95 80 45 46 3.45019 3.49753
288 282 121 122 287 14.802 14.2604
275 246 124 16 15 23 13.1141 11.9101
37 36 119 120 266 13.9171 15.4516
287 122 123 245 14.4592 13.1251
243 237 242 289 14.9817 12.1146
292 291 290 194 196 202 14.781 19.289
293 195 194 290 14.4989 19.4396
290 291 294 15.05 19.8667
289 242 241 279 295 14.7329 11.8387
296 19 18 113 12.7449 11.4183
297 91 90 281 14.6886 15.0259
298 20 19 296 12.7325 11.2586
92 86 91 297 14.7088 15.074
21 14 20 298 12.7406 11.2261
